6921000.000000 0.000001 0.000002
6889661.176128 395923.798077 525408.625994
6795928.513755 788262.048927 1046059.070109
6640650.870385 1173461.676597 1557236.241297
6425234.464403 1548034.253608 2054310.839941
6151630.140140 1908587.592699 2532781.281501
5822315.700723 2251856.466999 2988314.463564
5440273.468713 2574732.180425 3416785.007093
5008963.277724 2874290.720518 3814312.616496
4532291.139634 3147819.238752 4177297.220182
4014573.871140 3392840.618507 4502451.573373
3460499.999998 3607135.908226 4786831.027893
2875087.304984 3788764.416582 5027860.199365
2263637.374118 3936081.287677 5223356.290289
1631687.592659 4047752.397113 5371548.857790
984960.995687 4122766.434031 5471095.847031
329314.439414 4160444.059696 5521095.745061
-329314.439418 4160444.059696 5521095.745061
-984960.995692 4122766.434031 5471095.847031
-1631687.592663 4047752.397112 5371548.857790
-2263637.374122 3936081.287676 5223356.290287
-2875087.304988 3788764.416581 5027860.199364
-3460500.000002 3607135.908225 4786831.027891
-4014573.871144 3392840.618505 4502451.573371
-4532291.139637 3147819.238750 4177297.220180
-5008963.277727 2874290.720516 3814312.616493
-5440273.468716 2574732.180423 3416785.007090
-5822315.700726 2251856.466997 2988314.463561
-6151630.140142 1908587.592697 2532781.281497
-6425234.464405 1548034.253605 2054310.839938
-6640650.870387 1173461.676594 1557236.241294
-6795928.513756 788262.048924 1046059.070105
-6889661.176129 395923.798074 525408.625991
-6921000.000000 -0.000001 -0.000002
-6889661.176128 -395923.798077 -525408.625994
-6795928.513755 -788262.048927 -1046059.070109
-6640650.870385 -1173461.676597 -1557236.241297
-6425234.464403 -1548034.253608 -2054310.839941
-6151630.140140 -1908587.592699 -2532781.281501
-5822315.700723 -2251856.466999 -2988314.463564
-5440273.468713 -2574732.180425 -3416785.007093
-5008963.277724 -2874290.720518 -3814312.616496
-4532291.139634 -3147819.238752 -4177297.220182
-4014573.871140 -3392840.618507 -4502451.573373
-3460499.999998 -3607135.908226 -4786831.027893
-2875087.304984 -3788764.416582 -5027860.199365
-2263637.374118 -3936081.287677 -5223356.290289
-1631687.592659 -4047752.397113 -5371548.857790
-984960.995687 -4122766.434031 -5471095.847031
-329314.439414 -4160444.059696 -5521095.745061
329314.439418 -4160444.059696 -5521095.745061
984960.995692 -4122766.434031 -5471095.847031
1631687.592663 -4047752.397112 -5371548.857790
2263637.374122 -3936081.287676 -5223356.290287
2875087.304988 -3788764.416581 -5027860.199364
3460500.000002 -3607135.908225 -4786831.027891
4014573.871144 -3392840.618505 -4502451.573371
4532291.139637 -3147819.238750 -4177297.220180
5008963.277727 -2874290.720516 -3814312.616493
5440273.468716 -2574732.180423 -3416785.007090
5822315.700726 -2251856.466997 -2988314.463561
6151630.140142 -1908587.592697 -2532781.281497
6425234.464405 -1548034.253605 -2054310.839938
6640650.870387 -1173461.676594 -1557236.241294
6795928.513756 -788262.048924 -1046059.070105
6889661.176129 -395923.798074 -525408.625991


6620721.013526 1996278.046251 284900.374018
6455651.200346 2360386.933699 808320.544522
6232118.010214 2703119.791559 1324420.439004
5952145.794314 3021372.777999 1828526.176898
5618270.024388 3312263.744690 2316072.498580
5233514.331110 3573158.337992 2782644.109063
4801363.121620 3801693.856069 3224015.663590
4325730.024192 3995800.645878 3636190.033017
3810922.445808 4153720.846272 4015434.502427
3261602.563619 4274024.307464 4358314.575177
2682745.103543 4355621.542678 4661725.076233
2079592.288375 4397773.594717 4922918.273112
1457606.363411 4400098.728069 5139528.759778
822420.129504 4362575.885969 5309594.878119
179785.931550 4285544.881083 5431576.483033
-464476.435641 4169703.318122 5504368.890216
-1104532.432306 4016100.276216 5527312.880357
-1734585.612222 3826126.808301 5500200.669127
-2348930.116226 3601503.343520 5423277.788911
-2942002.345357 3344264.106753 5297240.865223
-3508431.345669 3056738.696363 5123231.307962
-4043087.448420 2741530.986992 4902824.974624
-4541128.725150 2401495.548465 4638017.899094
-4998044.836935 2039711.794371 4331208.215255
-5409697.880709 1659456.094410 3985174.439115
-5772359.862764 1264172.103084 3603050.306135
-6082746.460029 857439.573432 3188296.391636
-6338046.763416 442941.938224 2744668.771294
-6535948.733842 24432.952233 2276185.005538
-6674660.140418 -394297.302358 1787087.755895
-6752924.791166 -809456.739519 1281806.362797
-6770033.909288 -1217285.611100 764916.732785
-6725832.551963 -1614090.555686 241099.898391
-6620721.013526 -1996278.046251 -284900.374018
-6455651.200346 -2360386.933699 -808320.544522
-6232118.010214 -2703119.791559 -1324420.439004
-5952145.794314 -3021372.777999 -1828526.176898
-5618270.024388 -3312263.744690 -2316072.498580
-5233514.331110 -3573158.337992 -2782644.109063
-4801363.121620 -3801693.856069 -3224015.663590
-4325730.024192 -3995800.645878 -3636190.033017
-3810922.445808 -4153720.846272 -4015434.502427
-3261602.563619 -4274024.307464 -4358314.575177
-2682745.103543 -4355621.542678 -4661725.076233
-2079592.288375 -4397773.594717 -4922918.273112
-1457606.363411 -4400098.728069 -5139528.759778
-822420.129504 -4362575.885969 -5309594.878119
-179785.931550 -4285544.881083 -5431576.483033
464476.435641 -4169703.318122 -5504368.890216
1104532.432306 -4016100.276216 -5527312.880357
1734585.612222 -3826126.808301 -5500200.669127
2348930.116226 -3601503.343520 -5423277.788911
2942002.345357 -3344264.106753 -5297240.865223
3508431.345669 -3056738.696363 -5123231.307962
4043087.448420 -2741530.986992 -4902824.974624
4541128.725150 -2401495.548465 -4638017.899094
4998044.836935 -2039711.794371 -4331208.215255
5409697.880709 -1659456.094410 -3985174.439115
5772359.862764 -1264172.103084 -3603050.306135
6082746.460029 -857439.573432 -3188296.391636
6338046.763416 -442941.938224 -2744668.771294
6535948.733842 -24432.952233 -2276185.005538
6674660.140418 394297.302358 -1787087.755895
6752924.791166 809456.739519 -1281806.362797
6770033.909288 1217285.611100 -764916.732785
6725832.551963 1614090.555686 -241099.898391


5747511.480682 3813468.560576 569043.334838
5465920.999367 4103394.411900 1089083.527130
5134830.291063 4356159.288003 1599260.810351
4757237.764495 4569474.111026 2094954.940022
4336562.956055 4741407.068899 2571676.833345
3876615.561952 4870401.110131 3025109.223030
3381560.937011 4955288.044710 3451145.755142
2855882.372577 4995299.123410 3845928.176873
2304340.495132 4990071.999708 4205881.277477
1731930.153327 4939654.011244 4527745.265935
1143835.183858 4844501.751130 4808605.292126
545381.465837 4705476.932968 5045917.844161
-58011.311193 4523838.587040 5237533.782820
-660878.728806 4301231.658335 5381717.804489
-1257761.126312 4039672.109669 5477164.156341
-1843253.044288 3741528.664819 5523008.461433
-2412052.177260 3409501.356991 5518835.546640
-2959007.392200 3046597.076899 5464683.202523
-3479165.377982 2656102.341902 5361041.841097
-3967815.503339 2241553.532788 5208850.054580
-4420532.477067 1806704.867769 5009486.115359
-4833216.424146 1355494.403692 4764755.494139
-5202130.014845 892008.372392 4476874.509323
-5523932.310561 420444.175140 4148450.255690
-5795709.019870 -54927.629669 3782456.994138
-6014998.890807 -529802.001358 3382209.216319
-6179816.000343 -999878.404080 2951331.628089
-6288667.739212 -1460899.753141 2493726.323609
-6340568.329211 -1908690.967811 2013537.447381
-6335047.750559 -2339196.781508 1515113.664224
-6272155.998471 -2748518.466919 1002968.777104
-6152462.630394 -3132949.143475 481740.849424
-5977051.608004 -3489007.347438 -43849.797987
-5747511.480682 -3813468.560576 -569043.334838
-5465920.999367 -4103394.411900 -1089083.527130
-5134830.291063 -4356159.288003 -1599260.810351
-4757237.764495 -4569474.111026 -2094954.940022
-4336562.956055 -4741407.068899 -2571676.833345
-3876615.561952 -4870401.110131 -3025109.223030
-3381560.937011 -4955288.044710 -3451145.755142
-2855882.372577 -4995299.123410 -3845928.176873
-2304340.495132 -4990071.999708 -4205881.277477
-1731930.153327 -4939654.011244 -4527745.265935
-1143835.183858 -4844501.751130 -4808605.292126
-545381.465837 -4705476.932968 -5045917.844161
58011.311193 -4523838.587040 -5237533.782820
660878.728806 -4301231.658335 -5381717.804489
1257761.126312 -4039672.109669 -5477164.156341
1843253.044288 -3741528.664819 -5523008.461433
2412052.177260 -3409501.356991 -5518835.546640
2959007.392200 -3046597.076899 -5464683.202523
3479165.377982 -2656102.341902 -5361041.841097
3967815.503339 -2241553.532788 -5208850.054580
4420532.477067 -1806704.867769 -5009486.115359
4833216.424146 -1355494.403692 -4764755.494139
5202130.014845 -892008.372392 -4476874.509323
5523932.310561 -420444.175140 -4148450.255690
5795709.019870 54927.629669 -3782456.994138
6014998.890807 529802.001358 -3382209.216319
6179816.000343 999878.404080 -2951331.628089
6288667.739212 1460899.753141 -2493726.323609
6340568.329211 1908690.967811 -2013537.447381
6335047.750559 2339196.781508 -1515113.664224
6272155.998471 2748518.466919 -1002968.777104
6152462.630394 3132949.143475 -481740.849424
5977051.608004 3489007.347438 43849.797987


4381634.135355 5289250.947202 851673.482862
4013498.126286 5470239.329005 1366951.159955
3609015.256679 5601688.376358 1869849.515666
3171848.586038 5682407.666331 2355814.224610
2705957.163429 5711666.192535 2820444.315129
2215560.173720 5689198.985226 3259532.025173
1705098.727990 5615209.510913 3669100.908446
1179195.644138 5490367.829732 4045441.845718
642613.581930 5315804.527281 4385146.635183
100211.911613 5093100.475858 4685138.857664
-443097.293294 4824272.517839 4942701.737137
-982393.740498 4511755.200842 5155502.744283
-1512793.477860 4158378.730083 5321614.720227
-2029493.123225 3767343.337604 5439533.329192
-2527813.364591 3342190.300472 5508190.681996
-3003241.336686 2886769.870428 5526965.007019
-3451471.490173 2405206.405410 5495686.281066
-3868444.583370 1901861.018729 5414637.769125
-4250384.443378 1381292.084152 5284553.459068
-4593832.163678 848213.954563 5106611.414553
-4895677.428531 307454.268052 4882423.106290
-5153186.680477 -236089.771921 4614018.818314
-5364027.875853 -777495.746360 4303829.261421
-5526291.604146 -1311860.598922 3954663.560272
-5638508.379904 -1834345.038754 3569683.813526
-5699661.950629 -2340217.365859 3152376.457386
-5709198.500115 -2824896.322107 2706520.691890
-5667031.663893 -3283992.579816 2236154.255893
-5573543.311360 -3713348.492184 1745536.860678
-5429580.087516 -4109075.745580 1239111.613350
-5236445.745608 -4467590.572718 721464.779370
-4995889.340143 -4785646.207806 197284.248626
-4710089.387182 -5060362.289760 -328682.918823
-4381634.135355 -5289250.947202 -851673.482862
-4013498.126286 -5470239.329005 -1366951.159955
-3609015.256679 -5601688.376358 -1869849.515666
-3171848.586038 -5682407.666331 -2355814.224610
-2705957.163429 -5711666.192535 -2820444.315129
-2215560.173720 -5689198.985226 -3259532.025173
-1705098.727990 -5615209.510913 -3669100.908446
-1179195.644138 -5490367.829732 -4045441.845718
-642613.581930 -5315804.527281 -4385146.635183
-100211.911613 -5093100.475858 -4685138.857664
443097.293294 -4824272.517839 -4942701.737137
982393.740498 -4511755.200842 -5155502.744283
1512793.477860 -4158378.730083 -5321614.720227
2029493.123225 -3767343.337604 -5439533.329192
2527813.364591 -3342190.300472 -5508190.681996
3003241.336686 -2886769.870428 -5526965.007019
3451471.490173 -2405206.405410 -5495686.281066
3868444.583370 -1901861.018729 -5414637.769125
4250384.443378 -1381292.084152 -5284553.459068
4593832.163678 -848213.954563 -5106611.414553
4895677.428531 -307454.268052 -4882423.106290
5153186.680477 236089.771921 -4614018.818314
5364027.875853 777495.746360 -4303829.261421
5526291.604146 1311860.598922 -3954663.560272
5638508.379904 1834345.038754 -3569683.813526
5699661.950629 2340217.365859 -3152376.457386
5709198.500115 2824896.322107 -2706520.691890
5667031.663893 3283992.579816 -2236154.255893
5573543.311360 3713348.492184 -1745536.860678
5429580.087516 4109075.745580 -1239111.613350
5236445.745608 4467590.572718 -721464.779370
4995889.340143 4785646.207806 -197284.248626
4710089.387182 5060362.289760 328682.918823


2648380.378503 6293235.183615 1132039.440334
2233407.058785 6341817.295013 1641184.726482
1798207.658892 6332966.926933 2135467.189603
1346723.411980 6266764.229679 2610410.531169
883043.029304 6143808.745128 3061713.590734
411365.672212 5965213.977189 3485289.297902
-64037.076109 5732597.307736 3877301.685479
-538859.894753 5448065.349350 4234200.628576
-1008802.714745 5114194.867507 4552753.995099
-1469609.661135 4734009.444990 4830076.916431
-1917107.594859 4310952.099860 5063657.913252
-2347243.905333 3848854.104947 5251381.639884
-2756123.211521 3351900.291249 5391548.041188
-3140042.639109 2824591.149459 5482887.748530
-3495525.354309 2271702.072820 5524573.575375
-3819352.050605 1698240.110429 5516228.008419
-4108590.103290 1109398.622619 5457926.626411
-4360620.127768 510510.249087 5350197.415692
-4573159.701111 -93001.384315 5194015.988679
-4744284.032029 -695670.782779 4990796.748559
-4872443.392082 -1292040.078906 4742380.080240
-4956477.150260 -1876708.460002 4451015.683538
-4995624.283836 -2444381.078668 4119342.199550
-4989530.270306 -2989917.003765 3750363.314707
-4938250.298000 -3508375.777475 3347420.558927
-4842248.766289 -3995062.156859 2914163.044205
-4702395.079909 -4445568.634699 2454514.417685
-4519955.775502 -4855815.354571 1972637.328508
-4296583.051659 -5222087.058650 1472895.730214
-4034299.806358 -5541066.733665 959815.360103
-3735481.317284 -5809865.650285 438042.753459
-3402833.730947 -6026049.523896 -87696.836192
-3039369.555401 -6187660.559862 -612642.229714
-2648380.378503 -6293235.183615 -1132039.440334
-2233407.058785 -6341817.295013 -1641184.726482
-1798207.658892 -6332966.926933 -2135467.189603
-1346723.411980 -6266764.229679 -2610410.531169
-883043.029304 -6143808.745128 -3061713.590734
-411365.672212 -5965213.977189 -3485289.297902
64037.076109 -5732597.307736 -3877301.685479
538859.894753 -5448065.349350 -4234200.628576
1008802.714745 -5114194.867507 -4552753.995099
1469609.661135 -4734009.444990 -4830076.916431
1917107.594859 -4310952.099860 -5063657.913252
2347243.905333 -3848854.104947 -5251381.639884
2756123.211521 -3351900.291249 -5391548.041188
3140042.639109 -2824591.149459 -5482887.748530
3495525.354309 -2271702.072820 -5524573.575375
3819352.050605 -1698240.110429 -5516228.008419
4108590.103290 -1109398.622619 -5457926.626411
4360620.127768 -510510.249087 -5350197.415692
4573159.701111 93001.384315 -5194015.988679
4744284.032029 695670.782779 -4990796.748559
4872443.392082 1292040.078906 -4742380.080240
4956477.150260 1876708.460002 -4451015.683538
4995624.283836 2444381.078668 -4119342.199550
4989530.270306 2989917.003765 -3750363.314707
4938250.298000 3508375.777475 -3347420.558927
4842248.766289 3995062.156859 -2914163.044205
4702395.079909 4445568.634699 -2454514.417685
4519955.775502 4855815.354571 -1972637.328508
4296583.051659 5222087.058650 -1472895.730214
4034299.806358 5541066.733665 -959815.360103
3735481.317284 5809865.650285 -438042.753459
3402833.730947 6026049.523896 87696.836192
3039369.555401 6187660.559862 612642.229714


706208.129893 6739073.706260 1409395.848892
289801.663552 6645609.387224 1911055.171428
-129229.291532 6491961.400480 2395407.682398
-547089.926140 6279521.205987 2858067.010458
-959996.029658 6010212.695046 3294843.241089
-1364208.260472 5686474.767234 3701780.861109
-1756066.010027 5311239.243357 4075194.580416
-2132020.553861 4887904.314426 4411702.706544
-2488667.189408 4420303.767114 4708257.769792
-2822776.069507 3912672.264385 4962174.121585
-3131321.452404 3369606.995738 5171152.256121
-3411509.103331 2796026.044341 5333299.635053
-3660801.599533 2197123.848112 5447147.826608
-3876941.309560 1578324.158080 5511665.803934
-4057970.838728 945230.920064 5526269.282236
-4202250.755589 303577.524462 5490826.010155
-4308474.438872 -340825.116211 5405656.967450
-4375679.910454 -982141.191853 5271533.458162
-4403258.547175 -1614562.844774 5089670.125559
-4390960.592632 -2232362.766551 4861713.952144
-4338897.419004 -2829946.065425 4589729.344323
-4247540.518456 -3401900.934501 4276179.436824
-4117717.233224 -3943047.661918 3923903.786161
-3950603.263084 -4448485.539113 3536092.655180
-3747712.018028 -4913637.242400 3116258.121535
-3510880.912588 -5334290.285924 2668202.271778
-3242254.725931 -5706635.170584 2195982.769066
-2944266.178400 -6027299.883444 1703876.106341
-2619613.900427 -6293380.435210 1196338.877745
-2271237.993314 -6502467.159200 677967.419015
-1902293.403224 -6652666.533665 153456.182352
-1516121.349497 -6742618.329810 -372444.777261
-1116219.066052 -6771507.930240 -894972.819297
-706208.129893 -6739073.706260 -1409395.848892
-289801.663552 -6645609.387224 -1911055.171428
129229.291532 -6491961.400480 -2395407.682398
547089.926140 -6279521.205987 -2858067.010458
959996.029658 -6010212.695046 -3294843.241089
1364208.260472 -5686474.767234 -3701780.861109
1756066.010027 -5311239.243357 -4075194.580416
2132020.553861 -4887904.314426 -4411702.706544
2488667.189408 -4420303.767114 -4708257.769792
2822776.069507 -3912672.264385 -4962174.121585
3131321.452404 -3369606.995738 -5171152.256121
3411509.103331 -2796026.044341 -5333299.635053
3660801.599533 -2197123.848112 -5447147.826608
3876941.309560 -1578324.158080 -5511665.803934
4057970.838728 -945230.920064 -5526269.282236
4202250.755589 -303577.524462 -5490826.010155
4308474.438872 340825.116211 -5405656.967450
4375679.910454 982141.191853 -5271533.458162
4403258.547175 1614562.844774 -5089670.125559
4390960.592632 2232362.766551 -4861713.952144
4338897.419004 2829946.065425 -4589729.344323
4247540.518456 3401900.934501 -4276179.436824
4117717.233224 3943047.661918 -3923903.786161
3950603.263084 4448485.539113 -3536092.655180
3747712.018028 4913637.242400 -3116258.121535
3510880.912588 5334290.285924 -2668202.271778
3242254.725931 5706635.170584 -2195982.769066
2944266.178400 6027299.883444 -1703876.106341
2619613.900427 6293380.435210 -1196338.877745
2271237.993314 6502467.159200 -677967.419015
1902293.403224 6652666.533665 -153456.182352
1516121.349497 6742618.329810 372444.777261
1116219.066052 6771507.930240 894972.819297


-1268235.498679 6592367.761889 1683005.351118
-1639616.841502 6362200.561088 2175845.038957
-1996149.560308 6074416.286794 2648979.937186
-2334604.839584 5731621.157960 3098125.262900
-2651917.575910 5336919.580356 3519213.486475
-2945214.136009 4893886.032590 3908431.167754
-3211838.380815 4406532.695076 4262253.491142
-3449375.719878 3879273.115107 4577476.186887
-3655674.978273 3316882.237088 4851244.549445
-3828867.877970 2724453.159897 5081079.290129
-3967385.957249 2107351.012998 5264898.989937
-4069974.774934 1471164.368994 5401038.949202
-4135705.270807 821654.632649 5488266.263372
-4163982.179317 164703.864714 5525790.988382
-4154549.420402 -493738.486924 5513273.294511
-4107492.418589 -1147709.466368 5450826.543933
-4023237.329371 -1791286.611157 5339016.264092
-3902547.179886 -2418641.587007 5178855.026197
-3746514.958815 -3024092.970110 4971793.275218
-3556553.718114 -3602157.698984 4719706.194438
-3334383.776197 -4147600.729927 4424876.723497
-3082017.138460 -4655482.446388 4089974.883739
-2801739.276255 -5121203.392895 3718033.598085
-2496088.429304 -5540545.928439 3312421.224415
-2167832.619009 -5909712.422080 2876811.051195
-1819944.580818 -6225359.644884 2415148.031611
-1455574.842679 -6484629.046724 1931613.057458
-1078023.193363 -6685172.643747 1430585.096339
-690708.799071 -6825174.282084 916601.535055
-297139.238937 -6903366.085218 394317.088331
99121.260159 -6919039.936071 -131538.355007
494484.101773 -6872053.889824 -656202.566632
885368.818789 -6762833.459386 -1174924.106198
1268235.498679 -6592367.761889 -1683005.351118
1639616.841502 -6362200.561088 -2175845.038957
1996149.560308 -6074416.286794 -2648979.937186
2334604.839584 -5731621.157960 -3098125.262900
2651917.575910 -5336919.580356 -3519213.486475
2945214.136009 -4893886.032590 -3908431.167754
3211838.380815 -4406532.695076 -4262253.491142
3449375.719878 -3879273.115107 -4577476.186887
3655674.978273 -3316882.237088 -4851244.549445
3828867.877970 -2724453.159897 -5081079.290129
3967385.957249 -2107351.012998 -5264898.989937
4069974.774934 -1471164.368994 -5401038.949202
4135705.270807 -821654.632649 -5488266.263372
4163982.179317 -164703.864714 -5525790.988382
4154549.420402 493738.486924 -5513273.294511
4107492.418589 1147709.466368 -5450826.543933
4023237.329371 1791286.611157 -5339016.264092
3902547.179886 2418641.587007 -5178855.026197
3746514.958815 3024092.970110 -4971793.275218
3556553.718114 3602157.698984 -4719706.194438
3334383.776197 4147600.729927 -4424876.723497
3082017.138460 4655482.446388 -4089974.883739
2801739.276255 5121203.392895 -3718033.598085
2496088.429304 5540545.928439 -3312421.224415
2167832.619009 5909712.422080 -2876811.051195
1819944.580818 6225359.644884 -2415148.031611
1455574.842679 6484629.046724 -1931613.057458
1078023.193363 6685172.643747 -1430585.096339
690708.799071 6825174.282084 -916601.535055
297139.238937 6903366.085218 -394317.088331
-99121.260159 6919039.936071 131538.355007
-494484.101773 6872053.889824 656202.566632
-885368.818789 6762833.459386 1174924.106198


-3096768.039986 5873620.346632 1952140.550818
-3380396.662107 5526722.630421 2434850.380046
-3633411.888588 5129774.058235 2895509.827186
-3853522.374358 4686369.457812 3329947.088951
-4038734.764774 4200524.369876 3734227.834223
-4187371.747746 3676638.682780 4104690.833968
-4298087.243740 3119456.786431 4437981.117895
-4369878.596079 2534024.606365 4731080.357579
-4402095.651160 1925643.907059 4981334.200919
-4394446.646343 1299824.278338 5186476.310356
-4347000.852199 662233.239670 5344648.887182
-4260187.945188 18644.914234 5454419.496046
-4134794.116440 -625112.262433 5514794.037316
-3971954.951884 -1263208.325650 5525225.749797
-3773145.148211 -1889864.578658 5485620.162285
-3540165.157790 -2499405.925388 5396335.949114
-3275124.883492 -3086312.265015 5258181.681945
-2980424.571083 -3645268.482844 5072408.507215
-2658733.072229 -4171212.584807 4840698.815562
-2312963.674957 -4659381.539675 4565151.005834
-1946247.720474 -5105354.413796 4248260.481666
-1561906.245250 -5505092.407762 3892897.052716
-1163419.905203 -5854975.432399 3502278.945228
-754397.454333 -6151834.892854 3079943.657270
-338543.063296 -6392982.383885 2629715.922610
80377.226147 -6576234.036469 2155673.073334
498569.606984 -6699930.295264 1662108.114892
912246.864254 -6762950.947796 1153490.847977
1317662.672656 -6764725.269275 634427.389321
1711145.523850 -6705237.191172 109618.457983
2089131.976203 -6585025.446734 -416183.195085
2448198.925869 -6405178.692134 -938215.828691
2785094.606949 -6167325.647432 -1451751.834465
3096768.039986 -5873620.346632 -1952140.550818
3380396.662107 -5526722.630421 -2434850.380046
3633411.888588 -5129774.058235 -2895509.827186
3853522.374358 -4686369.457812 -3329947.088951
4038734.764774 -4200524.369876 -3734227.834223
4187371.747746 -3676638.682780 -4104690.833968
4298087.243740 -3119456.786431 -4437981.117895
4369878.596079 -2534024.606365 -4731080.357579
4402095.651160 -1925643.907059 -4981334.200919
4394446.646343 -1299824.278338 -5186476.310356
4347000.852199 -662233.239670 -5344648.887182
4260187.945188 -18644.914234 -5454419.496046
4134794.116440 625112.262433 -5514794.037316
3971954.951884 1263208.325650 -5525225.749797
3773145.148211 1889864.578658 -5485620.162285
3540165.157790 2499405.925388 -5396335.949114
3275124.883492 3086312.265015 -5258181.681945
2980424.571083 3645268.482844 -5072408.507215
2658733.072229 4171212.584807 -4840698.815562
2312963.674957 4659381.539675 -4565151.005834
1946247.720474 5105354.413796 -4248260.481666
1561906.245250 5505092.407762 -3892897.052716
1163419.905203 5854975.432399 -3502278.945228
754397.454333 6151834.892854 -3079943.657270
338543.063296 6392982.383885 -2629715.922610
-80377.226147 6576234.036469 -2155673.073334
-498569.606984 6699930.295264 -1662108.114892
-912246.864254 6762950.947796 -1153490.847977
-1317662.672656 6764725.269275 -634427.389321
-1711145.523850 6705237.191172 -109618.457983
-2089131.976203 6585025.446734 416183.195085
-2448198.925869 6405178.692134 938215.828691
-2785094.606949 6167325.647432 1451751.834465


-4616404.247914 4655965.624460 2216085.946819
-4777733.474601 4225101.002129 2687382.623947
-4895794.807091 3755973.210849 3134341.947881
-4969519.063676 3252830.744545 3552916.185769
-4998238.586072 2720230.139305 3939314.664497
-4981693.285835 2162994.708685 4290038.099605
-4920032.999768 1586170.863036 4601910.285355
-4813816.132969 994982.408426 4872106.858936
-4664004.601831 394783.239049 5098180.878339
-4471955.122781 -208991.148475 5278084.982235
-4239406.925639 -810872.879795 5410189.931200
-3968466.002891 -1405411.220749 5493299.362359
-3661586.037487 -1987221.940055 5526660.623834
-3321546.181918 -2551036.069742 5509971.590876
-2951425.889772 -3091747.621745 5443383.401950
-2554577.027728 -3604459.828515 5327499.090007
-2134593.520534 -4084529.488914 5163368.121322
-1695278.803869 -4527609.017757 4952476.891362
-1240611.379836 -4929685.818217 4696735.263765
-774708.787033 -5287118.620527 4398459.274311
-301790.311488 -5596670.457879 4060350.156551
173861.223851 -5855537.980898 3685469.879012
647938.245023 -6061376.845210 3277213.415540
1116147.437113 -6212322.942184 2839277.999887
1574248.625173 -6307009.280591 2375629.642995
2018093.173905 -6344578.366289 1890467.216180
2443661.558344 -6324689.967820 1388184.425510
2847099.765301 -6247524.197600 873330.021716
3224754.195899 -6113779.880793 350566.606008
3573204.753133 -5924668.226643 -175371.595172
3889295.814798 -5681901.859576 -699721.604028
4170164.811293 -5387679.309403 -1217734.825684
4413268.149490 -5044665.101102 -1724720.052188
4616404.247914 -4655965.624460 -2216085.946819
4777733.474601 -4225101.002129 -2687382.623947
4895794.807091 -3755973.210849 -3134341.947881
4969519.063676 -3252830.744545 -3552916.185769
4998238.586072 -2720230.139305 -3939314.664497
4981693.285835 -2162994.708685 -4290038.099605
4920032.999768 -1586170.863036 -4601910.285355
4813816.132969 -994982.408426 -4872106.858936
4664004.601831 -394783.239049 -5098180.878339
4471955.122781 208991.148475 -5278084.982235
4239406.925639 810872.879795 -5410189.931200
3968466.002891 1405411.220749 -5493299.362359
3661586.037487 1987221.940055 -5526660.623834
3321546.181918 2551036.069742 -5509971.590876
2951425.889772 3091747.621745 -5443383.401950
2554577.027728 3604459.828515 -5327499.090007
2134593.520534 4084529.488914 -5163368.121322
1695278.803869 4527609.017757 -4952476.891362
1240611.379836 4929685.818217 -4696735.263765
774708.787033 5287118.620527 -4398459.274311
301790.311488 5596670.457879 -4060350.156551
-173861.223851 5855537.980898 -3685469.879012
-647938.245023 6061376.845210 -3277213.415540
-1116147.437113 6212322.942184 -2839277.999887
-1574248.625173 6307009.280591 -2375629.642995
-2018093.173905 6344578.366289 -1890467.216180
-2443661.558344 6324689.967820 -1388184.425510
-2847099.765301 6247524.197600 -873330.021716
-3224754.195899 6113779.880793 -350566.606008
-3573204.753133 5924668.226643 175371.595172
-3889295.814798 5681901.859576 699721.604028
-4170164.811293 5387679.309403 1217734.825684
-4413268.149490 5044665.101102 1724720.052188


-5694565.092755 3057908.023559 2474139.835142
-5710898.736601 2585485.321897 2932770.408768
-5675513.597134 2089648.064787 3364841.359422
-5588730.127657 1574886.631213 3766439.785666
-5451334.252707 1045862.780429 4133928.749964
-5264570.250605 507367.434350 4463980.215347
-5030129.485074 -35722.709783 4753605.184636
-4750135.087992 -578489.343523 5000180.769258
-4427122.731976 -1116017.088188 5201473.942537
-4064017.666942 -1643438.009283 5355661.762325
-3664108.228588 -2155975.701272 5461347.879847
-3231016.058715 -2648988.543450 5517575.185260
-2768663.307079 -3118011.735173 5523834.475377
-2281237.111796 -3558797.729785 5480069.065098
-1773151.679970 -3967354.701063 5386675.300756
-1249008.311951 -4339982.693809 5244498.970743
-713553.731245 -4673307.131216 5054827.645920
-171637.097452 -4964309.375563 4819379.019176
371833.908474 -5210354.065463 4540285.349735
911937.528944 -5409212.982103 4220074.153087
1443782.501936 -5559085.228340 3861645.311413
1962552.357015 -5658613.537903 3468244.811809
2463549.034039 -5706896.567009 3043435.350118
2942235.429522 -5703497.057069 2591064.066609
3394276.485339 -5648445.794572 2115227.705676
3815578.447687 -5542241.332276 1620235.515089
4202325.940756 -5385845.474238 1110570.220779
4551016.519360 -5180674.565566 590847.430573
4858492.387622 -4928586.665781 65773.834540
5121968.996465 -4631864.721940 -459895.419523
5339060.260920 -4293195.893915 -981399.789451
5507800.168878 -3915647.219057 -1494016.450912
5626660.585603 -3502637.836631 -1993103.068039
5694565.092755 -3057908.023559 -2474139.835142
5710898.736601 -2585485.321896 -2932770.408768
5675513.597134 -2089648.064787 -3364841.359422
5588730.127657 -1574886.631213 -3766439.785666
5451334.252707 -1045862.780429 -4133928.749964
5264570.250605 -507367.434350 -4463980.215347
5030129.485074 35722.709783 -4753605.184636
4750135.087992 578489.343523 -5000180.769258
4427122.731976 1116017.088188 -5201473.942537
4064017.666942 1643438.009283 -5355661.762325
3664108.228588 2155975.701272 -5461347.879847
3231016.058715 2648988.543450 -5517575.185260
2768663.307079 3118011.735173 -5523834.475377
2281237.111796 3558797.729785 -5480069.065098
1773151.679970 3967354.701063 -5386675.300756
1249008.311951 4339982.693809 -5244498.970743
713553.731245 4673307.131216 -5054827.645920
171637.097452 4964309.375563 -4819379.019176
-371833.908474 5210354.065463 -4540285.349735
-911937.528944 5409212.982103 -4220074.153087
-1443782.501936 5559085.228340 -3861645.311413
-1962552.357015 5658613.537903 -3468244.811809
-2463549.034039 5706896.567009 -3043435.350118
-2942235.429522 5703497.057069 -2591064.066609
-3394276.485339 5648445.794572 -2115227.705676
-3815578.447687 5542241.332276 -1620235.515089
-4202325.940756 5385845.474238 -1110570.220779
-4551016.519360 5180674.565566 -590847.430573
-4858492.387622 4928586.665781 -65773.834540
-5121968.996465 4631864.721940 459895.419523
-5339060.260920 4293195.893915 981399.789451
-5507800.168878 3915647.219057 1494016.450912
-5626660.585603 3502637.836631 1993103.068039


-6241311.158373 1231784.272388 2725616.174495
-6104321.571432 765707.489586 3170361.366302
-5912050.303063 292696.341187 3586395.274633
-5666238.591646 -182965.510604 3969950.231990
-5369112.546104 -656970.398398 4317552.705283
-5023362.985917 -1125025.660529 4626054.752689
-4632121.072642 -1582892.516064 4892662.531891
-4198929.953632 -2026424.451857 5114961.601558
-3727712.674741 -2451604.774014 5290938.786889
-3222736.652617 -2854582.983697 5419000.411244
-2688575.028315 -3231709.647837 5497986.728722
-2130065.252219 -3579569.448964 5527182.427000
-1552265.275351 -3895012.114850 5506323.105314
-960407.743775 -4175180.947867 5435597.668911
-359852.610948 -4417538.695677 5315646.618295
243961.402848 -4619890.528987 5147556.248755
845566.064401 -4780403.918258 4932848.812709
1439513.148736 -4897625.229381 4673468.733943
2020423.779082 -4970492.888011 4371764.998619
2583037.138814 -4998346.993348 4030469.882482
3122258.114224 -4980935.294300 3652674.206956
3633203.436658 -4918415.473909 3241799.348182
4111245.906154 -4811353.721351 2801566.252505
4552056.296081 -4660719.604437 2335961.739012
4951642.559288 -4467877.289054 1849202.394278
5306385.980698 -4234573.185073 1345696.386305
5613073.948951 -3962920.130589 830003.543472
5868929.050318 -3655378.257729 306794.060020
6071634.221378 -3314732.713317 -219193.797948
6219353.732714 -2944068.436154 -743196.602939
6310749.813555 -2546742.219334 -1260468.904407
6344994.766841 -2126352.310602 -1766326.204287
6321778.464972 -1686705.826072 -2256187.380540
6241311.158373 -1231784.272388 -2725616.174495
6104321.571432 -765707.489586 -3170361.366302
5912050.303063 -292696.341187 -3586395.274633
5666238.591646 182965.510604 -3969950.231990
5369112.546104 656970.398398 -4317552.705283
5023362.985917 1125025.660529 -4626054.752689
4632121.072642 1582892.516064 -4892662.531891
4198929.953632 2026424.451857 -5114961.601558
3727712.674741 2451604.774014 -5290938.786889
3222736.652617 2854582.983697 -5419000.411244
2688575.028315 3231709.647837 -5497986.728722
2130065.252219 3579569.448964 -5527182.427000
1552265.275351 3895012.114850 -5506323.105314
960407.743775 4175180.947867 -5435597.668911
359852.610948 4417538.695677 -5315646.618295
-243961.402848 4619890.528987 -5147556.248755
-845566.064401 4780403.918258 -4932848.812709
-1439513.148736 4897625.229381 -4673468.733943
-2020423.779082 4970492.888011 -4371764.998619
-2583037.138814 4998346.993348 -4030469.882482
-3122258.114224 4980935.294300 -3652674.206956
-3633203.436658 4918415.473909 -3241799.348182
-4111245.906154 4811353.721351 -2801566.252505
-4552056.296081 4660719.604437 -2335961.739012
-4951642.559288 4467877.289054 -1849202.394278
-5306385.980698 4234573.185073 -1345696.386305
-5613073.948951 3962920.130589 -830003.543472
-5868929.050318 3655378.257729 -306794.060020
-6071634.221378 3314732.713317 219193.797948
-6219353.732714 2944068.436154 743196.602939
-6310749.813555 2546742.219334 1260468.904407
-6344994.766841 2126352.310602 1766326.204287
-6321778.464972 1686705.826072 2256187.380540


-6217438.861101 -650928.036512 2969846.410129
-5934274.681804 -1062008.733941 3399523.856357
-5597368.792043 -1463471.715819 3798414.688112
-5209772.263728 -1851681.271214 4162906.488252
-4774995.231039 -2223121.714278 4489698.362592
-4296975.102111 -2574429.222838 4775830.833314
-3780040.901256 -2902422.301695 5018712.640454
-3228874.064645 -3204130.594737 5216144.208755
-2648466.044502 -3476821.784942 5366337.567362
-2044073.105734 -3718026.338663 5467932.541960
-1421168.724388 -3925559.870110 5520009.072728
-785394.019000 -4097542.923485 5522095.546540
-142506.663756 -4232417.993626 5474173.067964
501671.253904 -4328963.631010 5376675.630387
1141305.959002 -4386305.503394 5230486.185704
1770604.820600 -4403924.313904 5036928.648161
2383868.810758 -4381660.503863 4797755.904794
2975544.115814 -4319715.697782 4515133.941001
3540272.432583 -4218650.877417 4191622.225053
4072939.493978 -4079381.301432 3830150.529147
4568721.384605 -3903168.216673 3433992.396934
5023128.226890 -3691607.436124 3006735.497809
5432044.842100 -3446614.886973 2552249.136410
5791768.018048 -3170409.259685 2074649.211607
6099040.045947 -2865491.915191 1578260.942276
6351078.222730 -2534624.232180 1067579.697452
6545600.051639 -2180802.599627 547230.285569
6680843.912869 -1807231.281025 21925.071479
6755585.017070 -1417293.396086 -503578.699453
6769146.497229 -1014520.282679 -1024521.983702
6721405.538480 -602559.516490 -1536187.038215
6612794.490339 -185141.878010 -2033940.145026
6444296.951277 233952.433986 -2513273.574920
6217438.861101 650928.036512 -2969846.410129
5934274.681804 1062008.733941 -3399523.856357
5597368.792043 1463471.715819 -3798414.688112
5209772.263728 1851681.271214 -4162906.488252
4774995.231039 2223121.714278 -4489698.362592
4296975.102111 2574429.222838 -4775830.833314
3780040.901256 2902422.301695 -5018712.640454
3228874.064645 3204130.594737 -5216144.208755
2648466.044502 3476821.784942 -5366337.567362
2044073.105734 3718026.338663 -5467932.541960
1421168.724388 3925559.870110 -5520009.072728
785394.019000 4097542.923485 -5522095.546540
142506.663756 4232417.993626 -5474173.067964
-501671.253904 4328963.631010 -5376675.630387
-1141305.959002 4386305.503394 -5230486.185704
-1770604.820600 4403924.313904 -5036928.648161
-2383868.810758 4381660.503863 -4797755.904794
-2975544.115814 4319715.697782 -4515133.941001
-3540272.432583 4218650.877417 -4191622.225053
-4072939.493978 4079381.301432 -3830150.529147
-4568721.384605 3903168.216673 -3433992.396934
-5023128.226890 3691607.436124 -3006735.497809
-5432044.842100 3446614.886973 -2552249.136410
-5791768.018048 3170409.259685 -2074649.211607
-6099040.045947 2865491.915191 -1578260.942276
-6351078.222730 2534624.232180 -1067579.697452
-6545600.051639 2180802.599627 -547230.285569
-6680843.912869 1807231.281025 -21925.071479
-6755585.017070 1417293.396086 503578.699453
-6769146.497229 1014520.282679 1024521.983702
-6721405.538480 602559.516490 1536187.038215
-6612794.490339 185141.878010 2033940.145026
-6444296.951277 -233952.433986 2513273.574920


-5637680.164139 -2416030.867208 3206181.251204
-5230542.804104 -2727600.897132 3619648.645987
-4776036.838466 -3014469.350953 4000335.942115
-4278278.343631 -3274038.303529 4344795.576485
-3741775.097608 -3503957.058231 4649908.069306
-3171385.756873 -3702143.435212 4912910.274594
-2572275.855623 -3866802.627953 5131420.403654
-1949871.025897 -3996443.457306 5303459.594917
-1309807.862216 -4089891.875846 5427469.834828
-657882.875706 -4146301.600222 5502328.067450
0.000002 -4165161.775235 5527356.365037
657882.875711 -4146301.600221 5502328.067450
1309807.862221 -4089891.875845 5427469.834827
1949871.025902 -3996443.457306 5303459.594916
2572275.855627 -3866802.627952 5131420.403652
3171385.756877 -3702143.435211 4912910.274593
3741775.097612 -3503957.058229 4649908.069304
4278278.343635 -3274038.303527 4344795.576483
4776036.838469 -3014469.350951 4000335.942113
5230542.804107 -2727600.897130 3619648.645984
5637680.164142 -2416030.867206 3206181.251201
5993761.819593 -2082580.887616 2763678.182517
6295563.039850 -1730270.733013 2296146.816246
6540350.666325 -1362290.978713 1807821.188841
6725907.864368 -981974.106353 1303123.652801
6850554.199258 -592764.324423 786624.827167
6913160.854486 -198186.376980 263002.205287
6913160.854485 198186.376983 -263002.205291
6850554.199258 592764.324426 -786624.827171
6725907.864367 981974.106355 -1303123.652804
6540350.666323 1362290.978715 -1807821.188844
6295563.039848 1730270.733016 -2296146.816250
5993761.819591 2082580.887619 -2763678.182520
5637680.164139 2416030.867208 -3206181.251204
5230542.804104 2727600.897132 -3619648.645987
4776036.838466 3014469.350953 -4000335.942115
4278278.343631 3274038.303529 -4344795.576485
3741775.097608 3503957.058231 -4649908.069306
3171385.756873 3702143.435212 -4912910.274594
2572275.855623 3866802.627953 -5131420.403654
1949871.025897 3996443.457306 -5303459.594917
1309807.862216 4089891.875846 -5427469.834828
657882.875706 4146301.600222 -5502328.067450
-0.000002 4165161.775235 -5527356.365037
-657882.875711 4146301.600221 -5502328.067450
-1309807.862221 4089891.875845 -5427469.834827
-1949871.025902 3996443.457306 -5303459.594916
-2572275.855627 3866802.627952 -5131420.403652
-3171385.756877 3702143.435211 -4912910.274593
-3741775.097612 3503957.058229 -4649908.069304
-4278278.343635 3274038.303527 -4344795.576483
-4776036.838469 3014469.350951 -4000335.942113
-5230542.804107 2727600.897130 -3619648.645984
-5637680.164142 2416030.867206 -3206181.251201
-5993761.819593 2082580.887616 -2763678.182517
-6295563.039850 1730270.733013 -2296146.816246
-6540350.666325 1362290.978713 -1807821.188841
-6725907.864368 981974.106353 -1303123.652801
-6850554.199258 592764.324423 -786624.827167
-6913160.854486 198186.376980 -263002.205287
-6913160.854485 -198186.376983 263002.205291
-6850554.199258 -592764.324426 786624.827171
-6725907.864367 -981974.106355 1303123.652804
-6540350.666323 -1362290.978715 1807821.188844
-6295563.039848 -1730270.733016 2296146.816250
-5993761.819591 -2082580.887619 2763678.182520


-4568721.384602 -3903168.216674 3433992.396937
-4072939.493975 -4079381.301433 3830150.529149
-3540272.432580 -4218650.877418 4191622.225056
-2975544.115810 -4319715.697782 4515133.941003
-2383868.810754 -4381660.503863 4797755.904795
-1770604.820596 -4403924.313904 5036928.648163
-1141305.958998 -4386305.503394 5230486.185705
-501671.253899 -4328963.631009 5376675.630388
142506.663760 -4232417.993625 5474173.067964
785394.019005 -4097542.923484 5522095.546540
1421168.724392 -3925559.870109 5520009.072728
2044073.105738 -3718026.338661 5467932.541960
2648466.044506 -3476821.784940 5366337.567361
3228874.064649 -3204130.594735 5216144.208754
3780040.901260 -2902422.301693 5018712.640453
4296975.102115 -2574429.222835 4775830.833312
4774995.231042 -2223121.714275 4489698.362590
5209772.263730 -1851681.271212 4162906.488249
5597368.792045 -1463471.715816 3798414.688109
5934274.681806 -1062008.733938 3399523.856354
6217438.861102 -650928.036509 2969846.410126
6444296.951279 -233952.433983 2513273.574917
6612794.490340 185141.878013 2033940.145022
6721405.538480 602559.516493 1536187.038212
6769146.497229 1014520.282682 1024521.983698
6755585.017070 1417293.396089 503578.699449
6680843.912869 1807231.281028 -21925.071483
6545600.051638 2180802.599629 -547230.285573
6351078.222728 2534624.232182 -1067579.697456
6099040.045945 2865491.915193 -1578260.942279
5791768.018046 3170409.259687 -2074649.211610
5432044.842098 3446614.886975 -2552249.136413
5023128.226887 3691607.436125 -3006735.497812
4568721.384602 3903168.216674 -3433992.396937
4072939.493975 4079381.301433 -3830150.529149
3540272.432580 4218650.877418 -4191622.225056
2975544.115810 4319715.697782 -4515133.941003
2383868.810754 4381660.503863 -4797755.904795
1770604.820596 4403924.313904 -5036928.648163
1141305.958998 4386305.503394 -5230486.185705
501671.253899 4328963.631009 -5376675.630388
-142506.663760 4232417.993625 -5474173.067964
-785394.019005 4097542.923484 -5522095.546540
-1421168.724392 3925559.870109 -5520009.072728
-2044073.105738 3718026.338661 -5467932.541960
-2648466.044506 3476821.784940 -5366337.567361
-3228874.064649 3204130.594735 -5216144.208754
-3780040.901260 2902422.301693 -5018712.640453
-4296975.102115 2574429.222835 -4775830.833312
-4774995.231042 2223121.714275 -4489698.362590
-5209772.263730 1851681.271212 -4162906.488249
-5597368.792045 1463471.715816 -3798414.688109
-5934274.681806 1062008.733938 -3399523.856354
-6217438.861102 650928.036509 -2969846.410126
-6444296.951279 233952.433983 -2513273.574917
-6612794.490340 -185141.878013 -2033940.145022
-6721405.538480 -602559.516493 -1536187.038212
-6769146.497229 -1014520.282682 -1024521.983698
-6755585.017070 -1417293.396089 -503578.699449
-6680843.912869 -1807231.281028 21925.071483
-6545600.051638 -2180802.599629 547230.285573
-6351078.222728 -2534624.232182 1067579.697456
-6099040.045945 -2865491.915193 1578260.942279
-5791768.018046 -3170409.259687 2074649.211610
-5432044.842098 -3446614.886975 2552249.136413
-5023128.226887 -3691607.436125 3006735.497812


-3122258.114220 -4980935.294300 3652674.206959
-2583037.138810 -4998346.993348 4030469.882485
-2020423.779078 -4970492.888011 4371764.998621
-1439513.148732 -4897625.229381 4673468.733945
-845566.064397 -4780403.918257 4932848.812710
-243961.402844 -4619890.528985 5147556.248757
359852.610952 -4417538.695676 5315646.618296
960407.743779 -4175180.947865 5435597.668911
1552265.275355 -3895012.114848 5506323.105314
2130065.252223 -3579569.448961 5527182.427000
2688575.028318 -3231709.647835 5497986.728721
3222736.652621 -2854582.983695 5419000.411243
3727712.674745 -2451604.774011 5290938.786888
4198929.953635 -2026424.451854 5114961.601556
4632121.072645 -1582892.516061 4892662.531890
5023362.985919 -1125025.660526 4626054.752687
5369112.546106 -656970.398394 4317552.705281
5666238.591648 -182965.510601 3969950.231987
5912050.303065 292696.341190 3586395.274630
6104321.571433 765707.489590 3170361.366299
6241311.158374 1231784.272391 2725616.174492
6321778.464973 1686705.826075 2256187.380537
6344994.766841 2126352.310605 1766326.204284
6310749.813555 2546742.219337 1260468.904403
6219353.732713 2944068.436157 743196.602935
6071634.221377 3314732.713319 219193.797945
5868929.050316 3655378.257731 -306794.060023
5613073.948950 3962920.130591 -830003.543476
5306385.980695 4234573.185075 -1345696.386309
4951642.559286 4467877.289055 -1849202.394281
4552056.296078 4660719.604438 -2335961.739015
4111245.906151 4811353.721352 -2801566.252508
3633203.436654 4918415.473910 -3241799.348185
3122258.114220 4980935.294300 -3652674.206959
2583037.138810 4998346.993348 -4030469.882485
2020423.779078 4970492.888011 -4371764.998621
1439513.148732 4897625.229381 -4673468.733945
845566.064397 4780403.918257 -4932848.812710
243961.402844 4619890.528985 -5147556.248757
-359852.610952 4417538.695676 -5315646.618296
-960407.743779 4175180.947865 -5435597.668911
-1552265.275355 3895012.114848 -5506323.105314
-2130065.252223 3579569.448961 -5527182.427000
-2688575.028318 3231709.647835 -5497986.728721
-3222736.652621 2854582.983695 -5419000.411243
-3727712.674745 2451604.774011 -5290938.786888
-4198929.953635 2026424.451854 -5114961.601556
-4632121.072645 1582892.516061 -4892662.531890
-5023362.985919 1125025.660526 -4626054.752687
-5369112.546106 656970.398394 -4317552.705281
-5666238.591648 182965.510601 -3969950.231987
-5912050.303065 -292696.341190 -3586395.274630
-6104321.571433 -765707.489590 -3170361.366299
-6241311.158374 -1231784.272391 -2725616.174492
-6321778.464973 -1686705.826075 -2256187.380537
-6344994.766841 -2126352.310605 -1766326.204284
-6310749.813555 -2546742.219337 -1260468.904403
-6219353.732713 -2944068.436157 -743196.602935
-6071634.221377 -3314732.713319 -219193.797945
-5868929.050316 -3655378.257731 306794.060023
-5613073.948950 -3962920.130591 830003.543476
-5306385.980695 -4234573.185075 1345696.386309
-4951642.559286 -4467877.289055 1849202.394281
-4552056.296078 -4660719.604438 2335961.739015
-4111245.906151 -4811353.721352 2801566.252508
-3633203.436654 -4918415.473910 3241799.348185


-1443782.501932 -5559085.228339 3861645.311416
-911937.528941 -5409212.982102 4220074.153089
-371833.908470 -5210354.065462 4540285.349737
171637.097456 -4964309.375561 4819379.019178
713553.731248 -4673307.131214 5054827.645921
1249008.311954 -4339982.693806 5244498.970744
1773151.679973 -3967354.701061 5386675.300756
2281237.111799 -3558797.729782 5480069.065098
2768663.307082 -3118011.735169 5523834.475377
3231016.058718 -2648988.543447 5517575.185260
3664108.228591 -2155975.701269 5461347.879847
4064017.666945 -1643438.009279 5355661.762324
4427122.731978 -1116017.088184 5201473.942536
4750135.087994 -578489.343520 5000180.769257
5030129.485076 -35722.709779 4753605.184634
5264570.250606 507367.434354 4463980.215345
5451334.252708 1045862.780433 4133928.749961
5588730.127658 1574886.631216 3766439.785664
5675513.597135 2089648.064790 3364841.359419
5710898.736601 2585485.321900 2932770.408765
5694565.092754 3057908.023562 2474139.835139
5626660.585602 3502637.836634 1993103.068035
5507800.168877 3915647.219060 1494016.450908
5339060.260919 4293195.893918 981399.789447
5121968.996464 4631864.721942 459895.419520
4858492.387620 4928586.665783 -65773.834544
4551016.519358 5180674.565567 -590847.430576
4202325.940754 5385845.474239 -1110570.220782
3815578.447684 5542241.332277 -1620235.515093
3394276.485336 5648445.794573 -2115227.705679
2942235.429519 5703497.057069 -2591064.066612
2463549.034036 5706896.567009 -3043435.350121
1962552.357011 5658613.537902 -3468244.811812
1443782.501932 5559085.228339 -3861645.311416
911937.528941 5409212.982102 -4220074.153089
371833.908470 5210354.065462 -4540285.349737
-171637.097456 4964309.375561 -4819379.019178
-713553.731248 4673307.131214 -5054827.645921
-1249008.311954 4339982.693806 -5244498.970744
-1773151.679973 3967354.701061 -5386675.300756
-2281237.111799 3558797.729782 -5480069.065098
-2768663.307082 3118011.735169 -5523834.475377
-3231016.058718 2648988.543447 -5517575.185260
-3664108.228591 2155975.701269 -5461347.879847
-4064017.666945 1643438.009279 -5355661.762324
-4427122.731978 1116017.088184 -5201473.942536
-4750135.087994 578489.343520 -5000180.769257
-5030129.485076 35722.709779 -4753605.184634
-5264570.250606 -507367.434354 -4463980.215345
-5451334.252708 -1045862.780433 -4133928.749961
-5588730.127658 -1574886.631216 -3766439.785664
-5675513.597135 -2089648.064790 -3364841.359419
-5710898.736601 -2585485.321900 -2932770.408765
-5694565.092754 -3057908.023562 -2474139.835139
-5626660.585602 -3502637.836634 -1993103.068035
-5507800.168877 -3915647.219060 -1494016.450908
-5339060.260919 -4293195.893918 -981399.789447
-5121968.996464 -4631864.721942 -459895.419520
-4858492.387620 -4928586.665783 65773.834544
-4551016.519358 -5180674.565567 590847.430576
-4202325.940754 -5385845.474239 1110570.220782
-3815578.447684 -5542241.332277 1620235.515093
-3394276.485336 -5648445.794573 2115227.705679
-2942235.429519 -5703497.057069 2591064.066612
-2463549.034036 -5706896.567009 3043435.350121
-1962552.357011 -5658613.537902 3468244.811812


301790.311492 -5596670.457877 4060350.156553
774708.787036 -5287118.620525 4398459.274313
1240611.379839 -4929685.818215 4696735.263766
1695278.803872 -4527609.017754 4952476.891364
2134593.520537 -4084529.488911 5163368.121323
2554577.027730 -3604459.828512 5327499.090008
2951425.889774 -3091747.621741 5443383.401950
3321546.181921 -2551036.069739 5509971.590876
3661586.037490 -1987221.940051 5526660.623834
3968466.002893 -1405411.220745 5493299.362359
4239406.925641 -810872.879791 5410189.931199
4471955.122782 -208991.148471 5278084.982234
4664004.601832 394783.239053 5098180.878338
4813816.132969 994982.408430 4872106.858935
4920032.999768 1586170.863040 4601910.285353
4981693.285835 2162994.708689 4290038.099603
4998238.586072 2720230.139309 3939314.664495
4969519.063676 3252830.744548 3552916.185767
4895794.807091 3755973.210852 3134341.947878
4777733.474600 4225101.002132 2687382.623944
4616404.247912 4655965.624463 2216085.946816
4413268.149488 5044665.101105 1724720.052184
4170164.811291 5387679.309406 1217734.825681
3889295.814796 5681901.859577 699721.604025
3573204.753131 5924668.226645 175371.595168
3224754.195896 6113779.880794 -350566.606011
2847099.765298 6247524.197600 -873330.021720
2443661.558341 6324689.967820 -1388184.425513
2018093.173902 6344578.366289 -1890467.216184
1574248.625170 6307009.280591 -2375629.642998
1116147.437110 6212322.942183 -2839277.999891
647938.245020 6061376.845208 -3277213.415543
173861.223847 5855537.980896 -3685469.879015
-301790.311492 5596670.457877 -4060350.156553
-774708.787036 5287118.620525 -4398459.274313
-1240611.379839 4929685.818215 -4696735.263766
-1695278.803872 4527609.017754 -4952476.891364
-2134593.520537 4084529.488911 -5163368.121323
-2554577.027730 3604459.828512 -5327499.090008
-2951425.889774 3091747.621741 -5443383.401950
-3321546.181921 2551036.069739 -5509971.590876
-3661586.037490 1987221.940051 -5526660.623834
-3968466.002893 1405411.220745 -5493299.362359
-4239406.925641 810872.879791 -5410189.931199
-4471955.122782 208991.148471 -5278084.982234
-4664004.601832 -394783.239053 -5098180.878338
-4813816.132969 -994982.408430 -4872106.858935
-4920032.999768 -1586170.863040 -4601910.285353
-4981693.285835 -2162994.708689 -4290038.099603
-4998238.586072 -2720230.139309 -3939314.664495
-4969519.063676 -3252830.744548 -3552916.185767
-4895794.807091 -3755973.210852 -3134341.947878
-4777733.474600 -4225101.002132 -2687382.623944
-4616404.247912 -4655965.624463 -2216085.946816
-4413268.149488 -5044665.101105 -1724720.052184
-4170164.811291 -5387679.309406 -1217734.825681
-3889295.814796 -5681901.859577 -699721.604025
-3573204.753131 -5924668.226645 -175371.595168
-3224754.195896 -6113779.880794 350566.606011
-2847099.765298 -6247524.197600 873330.021720
-2443661.558341 -6324689.967820 1388184.425513
-2018093.173902 -6344578.366289 1890467.216184
-1574248.625170 -6307009.280591 2375629.642998
-1116147.437110 -6212322.942183 2839277.999891
-647938.245020 -6061376.845208 3277213.415543
-173861.223847 -5855537.980896 3685469.879015


1946247.720477 -5105354.413793 4248260.481668
2312963.674960 -4659381.539672 4565151.005836
2658733.072231 -4171212.584804 4840698.815563
2980424.571086 -3645268.482840 5072408.507217
3275124.883494 -3086312.265012 5258181.681947
3540165.157792 -2499405.925384 5396335.949115
3773145.148212 -1889864.578653 5485620.162285
3971954.951885 -1263208.325646 5525225.749797
4134794.116441 -625112.262429 5514794.037315
4260187.945189 18644.914238 5454419.496045
4347000.852200 662233.239674 5344648.887181
4394446.646343 1299824.278343 5186476.310355
4402095.651160 1925643.907064 4981334.200917
4369878.596079 2534024.606369 4731080.357577
4298087.243739 3119456.786435 4437981.117892
4187371.747745 3676638.682784 4104690.833966
4038734.764772 4200524.369880 3734227.834220
3853522.374357 4686369.457815 3329947.088948
3633411.888586 5129774.058238 2895509.827183
3380396.662105 5526722.630424 2434850.380043
3096768.039984 5873620.346635 1952140.550815
2785094.606947 6167325.647434 1451751.834462
2448198.925866 6405178.692136 938215.828687
2089131.976200 6585025.446735 416183.195081
1711145.523848 6705237.191173 -109618.457987
1317662.672654 6764725.269275 -634427.389324
912246.864251 6762950.947796 -1153490.847981
498569.606981 6699930.295264 -1662108.114895
80377.226144 6576234.036468 -2155673.073338
-338543.063299 6392982.383884 -2629715.922614
-754397.454336 6151834.892852 -3079943.657273
-1163419.905205 5854975.432397 -3502278.945231
-1561906.245253 5505092.407759 -3892897.052719
-1946247.720477 5105354.413793 -4248260.481668
-2312963.674960 4659381.539672 -4565151.005836
-2658733.072231 4171212.584804 -4840698.815563
-2980424.571086 3645268.482840 -5072408.507217
-3275124.883494 3086312.265012 -5258181.681947
-3540165.157792 2499405.925384 -5396335.949115
-3773145.148212 1889864.578653 -5485620.162285
-3971954.951885 1263208.325646 -5525225.749797
-4134794.116441 625112.262429 -5514794.037315
-4260187.945189 -18644.914238 -5454419.496045
-4347000.852200 -662233.239674 -5344648.887181
-4394446.646343 -1299824.278343 -5186476.310355
-4402095.651160 -1925643.907064 -4981334.200917
-4369878.596079 -2534024.606369 -4731080.357577
-4298087.243739 -3119456.786435 -4437981.117892
-4187371.747745 -3676638.682784 -4104690.833966
-4038734.764772 -4200524.369880 -3734227.834220
-3853522.374357 -4686369.457815 -3329947.088948
-3633411.888586 -5129774.058238 -2895509.827183
-3380396.662105 -5526722.630424 -2434850.380043
-3096768.039984 -5873620.346635 -1952140.550815
-2785094.606947 -6167325.647434 -1451751.834462
-2448198.925866 -6405178.692136 -938215.828687
-2089131.976200 -6585025.446735 -416183.195081
-1711145.523848 -6705237.191173 109618.457987
-1317662.672654 -6764725.269275 634427.389324
-912246.864251 -6762950.947796 1153490.847981
-498569.606981 -6699930.295264 1662108.114895
-80377.226144 -6576234.036468 2155673.073338
338543.063299 -6392982.383884 2629715.922614
754397.454336 -6151834.892852 3079943.657273
1163419.905205 -5854975.432397 3502278.945231
1561906.245253 -5505092.407759 3892897.052719


3334383.776198 -4147600.729923 4424876.723499
3556553.718116 -3602157.698980 4719706.194440
3746514.958816 -3024092.970106 4971793.275220
3902547.179887 -2418641.587003 5178855.026198
4023237.329372 -1791286.611152 5339016.264093
4107492.418589 -1147709.466363 5450826.543934
4154549.420402 -493738.486920 5513273.294511
4163982.179317 164703.864719 5525790.988382
4135705.270806 821654.632653 5488266.263372
4069974.774934 1471164.368998 5401038.949202
3967385.957248 2107351.013002 5264898.989936
3828867.877969 2724453.159901 5081079.290128
3655674.978272 3316882.237092 4851244.549443
3449375.719877 3879273.115111 4577476.186885
3211838.380813 4406532.695080 4262253.491139
2945214.136007 4893886.032594 3908431.167751
2651917.575908 5336919.580359 3519213.486472
2334604.839581 5731621.157963 3098125.262897
1996149.560305 6074416.286796 2648979.937183
1639616.841500 6362200.561090 2175845.038954
1268235.498677 6592367.761891 1683005.351114
885368.818787 6762833.459387 1174924.106195
494484.101771 6872053.889824 656202.566628
99121.260156 6919039.936071 131538.355003
-297139.238939 6903366.085217 -394317.088335
-690708.799074 6825174.282083 -916601.535059
-1078023.193365 6685172.643746 -1430585.096342
-1455574.842681 6484629.046723 -1931613.057461
-1819944.580821 6225359.644882 -2415148.031615
-2167832.619011 5909712.422077 -2876811.051199
-2496088.429306 5540545.928436 -3312421.224418
-2801739.276257 5121203.392892 -3718033.598087
-3082017.138462 4655482.446385 -4089974.883741
-3334383.776198 4147600.729923 -4424876.723499
-3556553.718116 3602157.698980 -4719706.194440
-3746514.958816 3024092.970106 -4971793.275220
-3902547.179887 2418641.587003 -5178855.026198
-4023237.329372 1791286.611152 -5339016.264093
-4107492.418589 1147709.466363 -5450826.543934
-4154549.420402 493738.486920 -5513273.294511
-4163982.179317 -164703.864719 -5525790.988382
-4135705.270806 -821654.632653 -5488266.263372
-4069974.774934 -1471164.368998 -5401038.949202
-3967385.957248 -2107351.013002 -5264898.989936
-3828867.877969 -2724453.159901 -5081079.290128
-3655674.978272 -3316882.237092 -4851244.549443
-3449375.719877 -3879273.115111 -4577476.186885
-3211838.380813 -4406532.695080 -4262253.491139
-2945214.136007 -4893886.032594 -3908431.167751
-2651917.575908 -5336919.580359 -3519213.486472
-2334604.839581 -5731621.157963 -3098125.262897
-1996149.560305 -6074416.286796 -2648979.937183
-1639616.841500 -6362200.561090 -2175845.038954
-1268235.498677 -6592367.761891 -1683005.351114
-885368.818787 -6762833.459387 -1174924.106195
-494484.101771 -6872053.889824 -656202.566628
-99121.260156 -6919039.936071 -131538.355003
297139.238939 -6903366.085217 394317.088335
690708.799074 -6825174.282083 916601.535059
1078023.193365 -6685172.643746 1430585.096342
1455574.842681 -6484629.046723 1931613.057461
1819944.580821 -6225359.644882 2415148.031615
2167832.619011 -5909712.422077 2876811.051199
2496088.429306 -5540545.928436 3312421.224418
2801739.276257 -5121203.392892 3718033.598087
3082017.138462 -4655482.446385 4089974.883741


4338897.419005 -2829946.065421 4589729.344326
4390960.592632 -2232362.766547 4861713.952146
4403258.547175 -1614562.844770 5089670.125560
4375679.910453 -982141.191849 5271533.458163
4308474.438872 -340825.116206 5405656.967451
4202250.755588 303577.524467 5490826.010155
4057970.838727 945230.920068 5526269.282236
3876941.309558 1578324.158084 5511665.803933
3660801.599531 2197123.848116 5447147.826607
3411509.103329 2796026.044345 5333299.635052
3131321.452402 3369606.995742 5171152.256120
2822776.069505 3912672.264389 4962174.121583
2488667.189405 4420303.767117 4708257.769790
2132020.553858 4887904.314430 4411702.706542
1756066.010024 5311239.243360 4075194.580414
1364208.260469 5686474.767236 3701780.861107
959996.029655 6010212.695048 3294843.241086
547089.926137 6279521.205989 2858067.010455
129229.291529 6491961.400481 2395407.682395
-289801.663554 6645609.387225 1911055.171425
-706208.129896 6739073.706260 1409395.848888
-1116219.066054 6771507.930240 894972.819294
-1516121.349500 6742618.329810 372444.777258
-1902293.403227 6652666.533664 -153456.182356
-2271237.993317 6502467.159199 -677967.419019
-2619613.900429 6293380.435208 -1196338.877749
-2944266.178402 6027299.883442 -1703876.106344
-3242254.725933 5706635.170581 -2195982.769069
-3510880.912590 5334290.285921 -2668202.271781
-3747712.018029 4913637.242397 -3116258.121538
-3950603.263085 4448485.539109 -3536092.655182
-4117717.233225 3943047.661915 -3923903.786164
-4247540.518457 3401900.934498 -4276179.436826
-4338897.419005 2829946.065421 -4589729.344326
-4390960.592632 2232362.766547 -4861713.952146
-4403258.547175 1614562.844770 -5089670.125560
-4375679.910453 982141.191849 -5271533.458163
-4308474.438872 340825.116206 -5405656.967451
-4202250.755588 -303577.524467 -5490826.010155
-4057970.838727 -945230.920068 -5526269.282236
-3876941.309558 -1578324.158084 -5511665.803933
-3660801.599531 -2197123.848116 -5447147.826607
-3411509.103329 -2796026.044345 -5333299.635052
-3131321.452402 -3369606.995742 -5171152.256120
-2822776.069505 -3912672.264389 -4962174.121583
-2488667.189405 -4420303.767117 -4708257.769790
-2132020.553858 -4887904.314430 -4411702.706542
-1756066.010024 -5311239.243360 -4075194.580414
-1364208.260469 -5686474.767236 -3701780.861107
-959996.029655 -6010212.695048 -3294843.241086
-547089.926137 -6279521.205989 -2858067.010455
-129229.291529 -6491961.400481 -2395407.682395
289801.663554 -6645609.387225 -1911055.171425
706208.129896 -6739073.706260 -1409395.848888
1116219.066054 -6771507.930240 -894972.819294
1516121.349500 -6742618.329810 -372444.777258
1902293.403227 -6652666.533664 153456.182356
2271237.993317 -6502467.159199 677967.419019
2619613.900429 -6293380.435208 1196338.877749
2944266.178402 -6027299.883442 1703876.106344
3242254.725933 -5706635.170581 2195982.769069
3510880.912590 -5334290.285921 2668202.271781
3747712.018029 -4913637.242397 3116258.121538
3950603.263085 -4448485.539109 3536092.655182
4117717.233225 -3943047.661915 3923903.786164
4247540.518457 -3401900.934498 4276179.436826


4872443.392081 -1292040.078902 4742380.080242
4744284.032028 -695670.782774 4990796.748560
4573159.701109 -93001.384311 5194015.988680
4360620.127767 510510.249091 5350197.415693
4108590.103288 1109398.622623 5457926.626411
3819352.050603 1698240.110433 5516228.008419
3495525.354307 2271702.072824 5524573.575374
3140042.639106 2824591.149462 5482887.748529
2756123.211518 3351900.291252 5391548.041188
2347243.905330 3848854.104950 5251381.639883
1917107.594856 4310952.099863 5063657.913251
1469609.661132 4734009.444993 4830076.916430
1008802.714741 5114194.867509 4552753.995097
538859.894749 5448065.349352 4234200.628574
64037.076106 5732597.307738 3877301.685476
-411365.672215 5965213.977191 3485289.297899
-883043.029307 6143808.745129 3061713.590731
-1346723.411983 6266764.229680 2610410.531166
-1798207.658895 6332966.926934 2135467.189599
-2233407.058788 6341817.295013 1641184.726478
-2648380.378506 6293235.183614 1132039.440330
-3039369.555403 6187660.559861 612642.229710
-3402833.730949 6026049.523895 87696.836188
-3735481.317286 5809865.650283 -438042.753463
-4034299.806360 5541066.733663 -959815.360106
-4296583.051661 5222087.058647 -1472895.730217
-4519955.775503 4855815.354568 -1972637.328512
-4702395.079910 4445568.634696 -2454514.417689
-4842248.766290 3995062.156855 -2914163.044208
-4938250.298001 3508375.777471 -3347420.558930
-4989530.270306 2989917.003761 -3750363.314709
-4995624.283836 2444381.078665 -4119342.199553
-4956477.150260 1876708.459998 -4451015.683541
-4872443.392081 1292040.078902 -4742380.080242
-4744284.032028 695670.782774 -4990796.748560
-4573159.701109 93001.384311 -5194015.988680
-4360620.127767 -510510.249091 -5350197.415693
-4108590.103288 -1109398.622623 -5457926.626411
-3819352.050603 -1698240.110433 -5516228.008419
-3495525.354307 -2271702.072824 -5524573.575374
-3140042.639106 -2824591.149462 -5482887.748529
-2756123.211518 -3351900.291252 -5391548.041188
-2347243.905330 -3848854.104950 -5251381.639883
-1917107.594856 -4310952.099863 -5063657.913251
-1469609.661132 -4734009.444993 -4830076.916430
-1008802.714741 -5114194.867509 -4552753.995097
-538859.894749 -5448065.349352 -4234200.628574
-64037.076106 -5732597.307738 -3877301.685476
411365.672215 -5965213.977191 -3485289.297899
883043.029307 -6143808.745129 -3061713.590731
1346723.411983 -6266764.229680 -2610410.531166
1798207.658895 -6332966.926934 -2135467.189599
2233407.058788 -6341817.295013 -1641184.726478
2648380.378506 -6293235.183614 -1132039.440330
3039369.555403 -6187660.559861 -612642.229710
3402833.730949 -6026049.523895 -87696.836188
3735481.317286 -5809865.650283 438042.753463
4034299.806360 -5541066.733663 959815.360106
4296583.051661 -5222087.058647 1472895.730217
4519955.775503 -4855815.354568 1972637.328512
4702395.079910 -4445568.634696 2454514.417689
4842248.766290 -3995062.156855 2914163.044208
4938250.298001 -3508375.777471 3347420.558930
4989530.270306 -2989917.003761 3750363.314709
4995624.283836 -2444381.078665 4119342.199553
4956477.150260 -1876708.459998 4451015.683541


4895677.428529 307454.268056 4882423.106291
4593832.163675 848213.954567 5106611.414555
4250384.443375 1381292.084156 5284553.459069
3868444.583368 1901861.018733 5414637.769125
3451471.490170 2405206.405413 5495686.281067
3003241.336683 2886769.870431 5526965.007019
2527813.364588 3342190.300475 5508190.681995
2029493.123222 3767343.337607 5439533.329191
1512793.477857 4158378.730086 5321614.720226
982393.740494 4511755.200844 5155502.744281
443097.293291 4824272.517841 4942701.737135
-100211.911616 5093100.475859 4685138.857662
-642613.581934 5315804.527282 4385146.635181
-1179195.644142 5490367.829733 4045441.845716
-1705098.727993 5615209.510914 3669100.908443
-2215560.173723 5689198.985226 3259532.025170
-2705957.163432 5711666.192535 2820444.315125
-3171848.586041 5682407.666330 2355814.224606
-3609015.256682 5601688.376357 1869849.515663
-4013498.126288 5470239.329004 1366951.159952
-4381634.135358 5289250.947201 851673.482859
-4710089.387184 5060362.289759 328682.918820
-4995889.340145 4785646.207804 -197284.248630
-5236445.745609 4467590.572716 -721464.779373
-5429580.087517 4109075.745577 -1239111.613353
-5573543.311361 3713348.492181 -1745536.860682
-5667031.663893 3283992.579813 -2236154.255897
-5709198.500115 2824896.322104 -2706520.691893
-5699661.950629 2340217.365855 -3152376.457389
-5638508.379904 1834345.038750 -3569683.813529
-5526291.604145 1311860.598919 -3954663.560274
-5364027.875852 777495.746357 -4303829.261423
-5153186.680475 236089.771918 -4614018.818316
-4895677.428529 -307454.268056 -4882423.106291
-4593832.163675 -848213.954567 -5106611.414555
-4250384.443375 -1381292.084156 -5284553.459069
-3868444.583368 -1901861.018733 -5414637.769125
-3451471.490170 -2405206.405413 -5495686.281067
-3003241.336683 -2886769.870431 -5526965.007019
-2527813.364588 -3342190.300475 -5508190.681995
-2029493.123222 -3767343.337607 -5439533.329191
-1512793.477857 -4158378.730086 -5321614.720226
-982393.740494 -4511755.200844 -5155502.744281
-443097.293291 -4824272.517841 -4942701.737135
100211.911616 -5093100.475859 -4685138.857662
642613.581934 -5315804.527282 -4385146.635181
1179195.644142 -5490367.829733 -4045441.845716
1705098.727993 -5615209.510914 -3669100.908443
2215560.173723 -5689198.985226 -3259532.025170
2705957.163432 -5711666.192535 -2820444.315125
3171848.586041 -5682407.666330 -2355814.224606
3609015.256682 -5601688.376357 -1869849.515663
4013498.126288 -5470239.329004 -1366951.159952
4381634.135358 -5289250.947201 -851673.482859
4710089.387184 -5060362.289759 -328682.918820
4995889.340145 -4785646.207804 197284.248630
5236445.745609 -4467590.572716 721464.779373
5429580.087517 -4109075.745577 1239111.613353
5573543.311361 -3713348.492181 1745536.860682
5667031.663893 -3283992.579813 2236154.255897
5709198.500115 -2824896.322104 2706520.691893
5699661.950629 -2340217.365855 3152376.457389
5638508.379904 -1834345.038750 3569683.813529
5526291.604145 -1311860.598919 3954663.560274
5364027.875852 -777495.746357 4303829.261423
5153186.680475 -236089.771918 4614018.818316


4420532.477064 1806704.867772 5009486.115361
3967815.503336 2241553.532791 5208850.054582
3479165.377979 2656102.341904 5361041.841098
2959007.392196 3046597.076902 5464683.202524
2412052.177257 3409501.356993 5518835.546640
1843253.044284 3741528.664821 5523008.461433
1257761.126308 4039672.109671 5477164.156340
660878.728802 4301231.658336 5381717.804488
58011.311189 4523838.587042 5237533.782819
-545381.465841 4705476.932969 5045917.844160
-1143835.183862 4844501.751131 4808605.292125
-1731930.153331 4939654.011244 4527745.265933
-2304340.495136 4990071.999708 4205881.277474
-2855882.372580 4995299.123410 3845928.176870
-3381560.937014 4955288.044709 3451145.755140
-3876615.561955 4870401.110131 3025109.223027
-4336562.956058 4741407.068898 2571676.833341
-4757237.764498 4569474.111025 2094954.940019
-5134830.291066 4356159.288002 1599260.810348
-5465920.999369 4103394.411898 1089083.527126
-5747511.480684 3813468.560574 569043.334834
-5977051.608005 3489007.347435 43849.797984
-6152462.630395 3132949.143472 -481740.849428
-6272155.998472 2748518.466916 -1002968.777107
-6335047.750559 2339196.781506 -1515113.664228
-6340568.329211 1908690.967808 -2013537.447384
-6288667.739212 1460899.753138 -2493726.323613
-6179816.000342 999878.404077 -2951331.628092
-6014998.890805 529802.001354 -3382209.216322
-5795709.019868 54927.629665 -3782456.994140
-5523932.310559 -420444.175144 -4148450.255692
-5202130.014843 -892008.372395 -4476874.509325
-4833216.424143 -1355494.403695 -4764755.494141
-4420532.477064 -1806704.867772 -5009486.115361
-3967815.503336 -2241553.532791 -5208850.054582
-3479165.377979 -2656102.341904 -5361041.841098
-2959007.392196 -3046597.076902 -5464683.202524
-2412052.177257 -3409501.356993 -5518835.546640
-1843253.044284 -3741528.664821 -5523008.461433
-1257761.126308 -4039672.109671 -5477164.156340
-660878.728802 -4301231.658336 -5381717.804488
-58011.311189 -4523838.587042 -5237533.782819
545381.465841 -4705476.932969 -5045917.844160
1143835.183862 -4844501.751131 -4808605.292125
1731930.153331 -4939654.011244 -4527745.265933
2304340.495136 -4990071.999708 -4205881.277474
2855882.372580 -4995299.123410 -3845928.176870
3381560.937014 -4955288.044709 -3451145.755140
3876615.561955 -4870401.110131 -3025109.223027
4336562.956058 -4741407.068898 -2571676.833341
4757237.764498 -4569474.111025 -2094954.940019
5134830.291066 -4356159.288002 -1599260.810348
5465920.999369 -4103394.411898 -1089083.527126
5747511.480684 -3813468.560574 -569043.334834
5977051.608005 -3489007.347435 -43849.797984
6152462.630395 -3132949.143472 481740.849428
6272155.998472 -2748518.466916 1002968.777107
6335047.750559 -2339196.781506 1515113.664228
6340568.329211 -1908690.967808 2013537.447384
6288667.739212 -1460899.753138 2493726.323613
6179816.000342 -999878.404077 2951331.628092
6014998.890805 -529802.001354 3382209.216322
5795709.019868 -54927.629665 3782456.994140
5523932.310559 420444.175144 4148450.255692
5202130.014843 892008.372395 4476874.509325
4833216.424143 1355494.403695 4764755.494141


3508431.345665 3056738.696365 5123231.307963
2942002.345353 3344264.106755 5297240.865225
2348930.116222 3601503.343522 5423277.788912
1734585.612217 3826126.808303 5500200.669128
1104532.432301 4016100.276218 5527312.880357
464476.435637 4169703.318123 5504368.890216
-179785.931554 4285544.881084 5431576.483032
-822420.129509 4362575.885969 5309594.878118
-1457606.363416 4400098.728070 5139528.759777
-2079592.288380 4397773.594716 4922918.273111
-2682745.103547 4355621.542677 4661725.076231
-3261602.563623 4274024.307463 4358314.575175
-3810922.445812 4153720.846271 4015434.502424
-4325730.024195 3995800.645876 3636190.033014
-4801363.121623 3801693.856067 3224015.663587
-5233514.331113 3573158.337991 2782644.109059
-5618270.024390 3312263.744688 2316072.498577
-5952145.794316 3021372.777997 1828526.176895
-6232118.010215 2703119.791557 1324420.439000
-6455651.200347 2360386.933696 808320.544519
-6620721.013526 1996278.046249 284900.374015
-6725832.551963 1614090.555683 -241099.898395
-6770033.909288 1217285.611098 -764916.732789
-6752924.791165 809456.739516 -1281806.362801
-6674660.140417 394297.302355 -1787087.755898
-6535948.733841 -24432.952236 -2276185.005541
-6338046.763414 -442941.938227 -2744668.771298
-6082746.460027 -857439.573434 -3188296.391639
-5772359.862761 -1264172.103087 -3603050.306138
-5409697.880707 -1659456.094412 -3985174.439118
-4998044.836932 -2039711.794373 -4331208.215258
-4541128.725147 -2401495.548468 -4638017.899096
-4043087.448416 -2741530.986994 -4902824.974626
-3508431.345665 -3056738.696365 -5123231.307963
-2942002.345353 -3344264.106755 -5297240.865225
-2348930.116222 -3601503.343522 -5423277.788912
-1734585.612217 -3826126.808303 -5500200.669128
-1104532.432301 -4016100.276218 -5527312.880357
-464476.435637 -4169703.318123 -5504368.890216
179785.931554 -4285544.881084 -5431576.483032
822420.129509 -4362575.885969 -5309594.878118
1457606.363416 -4400098.728070 -5139528.759777
2079592.288380 -4397773.594716 -4922918.273111
2682745.103547 -4355621.542677 -4661725.076231
3261602.563623 -4274024.307463 -4358314.575175
3810922.445812 -4153720.846271 -4015434.502424
4325730.024195 -3995800.645876 -3636190.033014
4801363.121623 -3801693.856067 -3224015.663587
5233514.331113 -3573158.337991 -2782644.109059
5618270.024390 -3312263.744688 -2316072.498577
5952145.794316 -3021372.777997 -1828526.176895
6232118.010215 -2703119.791557 -1324420.439000
6455651.200347 -2360386.933696 -808320.544519
6620721.013526 -1996278.046249 -284900.374015
6725832.551963 -1614090.555683 241099.898395
6770033.909288 -1217285.611098 764916.732789
6752924.791165 -809456.739516 1281806.362801
6674660.140417 -394297.302355 1787087.755898
6535948.733841 24432.952236 2276185.005541
6338046.763414 442941.938227 2744668.771298
6082746.460027 857439.573434 3188296.391639
5772359.862761 1264172.103087 3603050.306138
5409697.880707 1659456.094412 3985174.439118
4998044.836932 2039711.794373 4331208.215258
4541128.725147 2401495.548468 4638017.899096
4043087.448416 2741530.986994 4902824.974626


