6889661.176128 -604122.520107 260472.376367
6795928.513755 -1202774.013120 518585.874558
6640650.870386 -1790532.998417 772002.978764
6425234.464404 -2362076.639610 1018428.704447
6151630.140141 -2912228.948977 1255631.382075
5822315.700725 -3436007.662013 1481462.867468
5440273.468715 -3928669.357582 1693877.995723
5008963.277725 -4385752.415080 1890953.102544
4532291.139635 -4803117.419556 2070903.445248
4014573.871142 -5176984.648900 2232099.365664
3460500.000000 -5503968.303587 2373081.048576
2875087.304986 -5781107.169006 2492571.742031
2263637.374120 -6005891.432676 2589489.319806
1631687.592661 -6176285.413497 2662956.081309
984960.995689 -6290745.997192 2712306.700170
329314.439416 -6348236.610990 2737094.249543
-329314.439416 -6348236.610990 2737094.249543
-984960.995689 -6290745.997192 2712306.700170
-1631687.592661 -6176285.413497 2662956.081309
-2263637.374120 -6005891.432676 2589489.319806
-2875087.304986 -5781107.169006 2492571.742031
-3460500.000000 -5503968.303587 2373081.048576
-4014573.871142 -5176984.648900 2232099.365664
-4532291.139635 -4803117.419556 2070903.445248
-5008963.277725 -4385752.415080 1890953.102544
-5440273.468715 -3928669.357582 1693877.995723
-5822315.700725 -3436007.662013 1481462.867468
-6151630.140141 -2912228.948977 1255631.382075
-6425234.464404 -2362076.639610 1018428.704447
-6640650.870386 -1790532.998417 772002.978764
-6795928.513755 -1202774.013120 518585.874558
-6889661.176128 -604122.520107 260472.376367
-6921000.000000 -0.000000 0.000000
-6889661.176128 604122.520107 -260472.376367
-6795928.513755 1202774.013120 -518585.874558
-6640650.870386 1790532.998417 -772002.978764
-6425234.464404 2362076.639610 -1018428.704447
-6151630.140141 2912228.948977 -1255631.382075
-5822315.700725 3436007.662013 -1481462.867468
-5440273.468715 3928669.357582 -1693877.995723
-5008963.277725 4385752.415080 -1890953.102544
-4532291.139635 4803117.419556 -2070903.445248
-4014573.871142 5176984.648900 -2232099.365664
-3460500.000000 5503968.303587 -2373081.048576
-2875087.304986 5781107.169006 -2492571.742031
-2263637.374120 6005891.432676 -2589489.319806
-1631687.592661 6176285.413497 -2662956.081309
-984960.995689 6290745.997192 -2712306.700170
-329314.439416 6348236.610990 -2737094.249543
329314.439416 6348236.610990 -2737094.249543
984960.995689 6290745.997192 -2712306.700170
1631687.592661 6176285.413497 -2662956.081309
2263637.374120 6005891.432676 -2589489.319806
2875087.304986 5781107.169006 -2492571.742031
3460500.000000 5503968.303587 -2373081.048576
4014573.871142 5176984.648900 -2232099.365664
4532291.139635 4803117.419556 -2070903.445248
5008963.277725 4385752.415080 -1890953.102544
5440273.468715 3928669.357582 -1693877.995723
5822315.700725 3436007.662013 -1481462.867468
6151630.140141 2912228.948977 -1255631.382075
6425234.464404 2362076.639610 -1018428.704447
6640650.870386 1790532.998417 -772002.978764
6795928.513755 1202774.013120 -518585.874558
6889661.176128 604122.520107 -260472.376367
6921000.000000 0.000000 0.000000


-5524131.327014 2627343.968486 -3237480.154868
-5551498.952591 2065363.982209 -3579856.421754
-5528591.343983 1484679.739880 -3889812.954529
-5455615.956041 890550.007918 -4164542.738836
-5333233.665177 288355.317180 -4401557.779205
-5162552.784370 -316450.763964 -4598711.630727
-4945119.026106 -918391.017986 -4754218.837593
-4682901.504172 -1512014.180733 -4866671.102457
-4378274.901050 -2091944.308918 -4935050.040194
-4033997.962432 -2652929.465495 -4958736.400556
-3653188.513586 -3189889.282017 -4937515.676195
-3239295.223851 -3697960.967234 -4871580.045278
-2796066.374952 -4172543.345289 -4761526.631087
-2327515.915979 -4609338.524674 -4608352.094385
-1837887.112446 -5004390.820606 -4413443.607495
-1331614.118619 -5354122.578318 -4178566.291857
-813281.821129 -5655366.572854 -3905847.232812
-287584.317526 -5905394.691951 -3597756.216392
240717.594189 -6101942.642245 -3257083.362551
766839.530096 -6243230.455061 -2886913.857405
1286016.848470 -6327978.606088 -2490600.013318
1793547.799120 -6355419.602947 -2071730.909831
2284836.103163 -6325304.935720 -1634099.890409
2755432.577640 -6237907.327498 -1181670.209333
3201075.428005 -6094018.264554 -718539.139856
3617728.843594 -5894940.828525 -248900.868659
4001619.546558 -5642477.895497 222991.487348
4349270.963241 -5338915.808890 692864.397914
4657534.708580 -4987003.673965 1156462.621200
4923619.098361 -4589928.461512 1609587.739906
5145114.431146 -4151286.146143 2048136.182789
5320014.810902 -3675049.140593 2468136.387238
5446736.312706 -3165530.320930 2865784.766364
5524131.327014 -2627343.968486 3237480.154868
5551498.952591 -2065363.982209 3579856.421754
5528591.343983 -1484679.739880 3889812.954529
5455615.956041 -890550.007918 4164542.738836
5333233.665177 -288355.317180 4401557.779205
5162552.784370 316450.763964 4598711.630727
4945119.026106 918391.017986 4754218.837593
4682901.504172 1512014.180733 4866671.102457
4378274.901050 2091944.308918 4935050.040194
4033997.962432 2652929.465495 4958736.400556
3653188.513586 3189889.282017 4937515.676195
3239295.223851 3697960.967234 4871580.045278
2796066.374952 4172543.345289 4761526.631087
2327515.915979 4609338.524674 4608352.094385
1837887.112446 5004390.820606 4413443.607495
1331614.118619 5354122.578318 4178566.291857
813281.821129 5655366.572854 3905847.232812
287584.317526 5905394.691951 3597756.216392
-240717.594189 6101942.642245 3257083.362551
-766839.530096 6243230.455061 2886913.857406
-1286016.848470 6327978.606088 2490600.013318
-1793547.799120 6355419.602947 2071730.909831
-2284836.103163 6325304.935720 1634099.890409
-2755432.577640 6237907.327498 1181670.209333
-3201075.428004 6094018.264554 718539.139856
-3617728.843594 5894940.828525 248900.868659
-4001619.546558 5642477.895497 -222991.487348
-4349270.963241 5338915.808890 -692864.397914
-4657534.708580 4987003.673965 -1156462.621200
-4923619.098361 4589928.461512 -1609587.739906
-5145114.431146 4151286.146143 -2048136.182789
-5320014.810902 3675049.140593 -2468136.387238
-5446736.312706 3165530.320930 -2865784.766364


2821509.289923 5160618.550417 3647923.039755
2740927.789010 4784650.957655 4182663.155077
2635524.021597 4365352.824899 4679524.425166
2506252.540524 3906521.380970 5134007.197419
2354284.048340 3412311.874474 5541995.605471
2180994.795245 2887199.943234 5899794.843120
1987954.115549 2335941.082213 6204164.625064
1776910.215540 1763527.577023 6452348.531426
1549774.341457 1175143.293006 6642098.970315
1308603.470951 576116.729353 6771697.532375
1055581.684768 -28127.236616 6839970.552959
793000.387388 -632116.477974 6846299.741019
523237.555700 -1230381.174622 6790627.778449
248736.203683 -1817503.348823 6673458.839162
-28017.741913 -2388165.931250 6495854.023218
-304517.954499 -2937200.913187 6259421.747331
-578260.405334 -3459636.148818 5966303.178805
-846766.040392 -3950740.383746 5619152.844787
-1107603.231063 -4406066.101973 5221114.592459
-1358409.795357 -4821489.803283 4775793.117872
-1596914.390190 -5193249.346309 4287221.321260
-1820957.081016 -5517978.019060 3759823.784470
-2028508.902535 -5792735.028391 3198376.701264
-2217690.233310 -6015032.132277 2607964.623372
-2386787.817914 -6182856.173722 1993934.413996
-2534270.282436 -6294687.312220 1361846.825799
-2658802.002839 -6349512.787661 717426.141860
-2759255.200579 -6346836.092051 66508.335685
-2834720.155940 -6286681.465960 -585011.780278
-2884513.446603 -6169593.678996 -1231233.938967
-2908184.136815 -5996633.096290 -1866305.852443
-2905517.861140 -5769366.075662 -2484476.211115
-2876538.765785 -5489850.782444 -3080146.768489
-2821509.289923 -5160618.550417 -3647923.039755
-2740927.789010 -4784650.957655 -4182663.155077
-2635524.021597 -4365352.824899 -4679524.425166
-2506252.540524 -3906521.380970 -5134007.197419
-2354284.048340 -3412311.874474 -5541995.605471
-2180994.795245 -2887199.943234 -5899794.843120
-1987954.115549 -2335941.082213 -6204164.625064
-1776910.215540 -1763527.577023 -6452348.531426
-1549774.341457 -1175143.293006 -6642098.970315
-1308603.470950 -576116.729353 -6771697.532375
-1055581.684768 28127.236616 -6839970.552959
-793000.387388 632116.477974 -6846299.741019
-523237.555700 1230381.174622 -6790627.778449
-248736.203683 1817503.348823 -6673458.839162
28017.741913 2388165.931250 -6495854.023218
304517.954499 2937200.913187 -6259421.747331
578260.405334 3459636.148818 -5966303.178805
846766.040392 3950740.383746 -5619152.844787
1107603.231063 4406066.101973 -5221114.592459
1358409.795357 4821489.803283 -4775793.117872
1596914.390190 5193249.346309 -4287221.321260
1820957.081016 5517978.019060 -3759823.784470
2028508.902535 5792735.028391 -3198376.701264
2217690.233310 6015032.132277 -2607964.623372
2386787.817914 6182856.173722 -1993934.413996
2534270.282436 6294687.312220 -1361846.825799
2658802.002839 6349512.787661 -717426.141860
2759255.200579 6346836.092051 -66508.335685
2834720.155940 6286681.465960 585011.780278
2884513.446603 6169593.678996 1231233.938967
2908184.136815 5996633.096290 1866305.852443
2905517.861140 5769366.075662 2484476.211115
2876538.765785 5489850.782444 3080146.768489


-1949944.297077 6322507.372246 -2030728.629382
-1574772.890921 6232462.018677 -2564517.211440
-1185340.097605 6085974.523946 -3075081.128505
-785172.680811 5884371.501490 -3557796.634683
-377894.618632 5629478.699499 -4008292.183599
32805.715732 5323604.466659 -4422488.017800
443208.956453 4969518.847388 -4796633.115674
849598.428233 4570428.495886 -5127339.161274
1248293.805082 4129947.636177 -5411611.229442
1635684.439930 3652065.331137 -5646874.908308
2008262.063198 3141109.356921 -5830999.613564
2362652.554235 2601707.009957 -5962317.883366
2695646.497874 2038743.201426 -6039640.479129
3004228.249398 1457316.218756 -6062267.155452
3285603.244679 862691.554737 -6029993.001650
3537223.308187 260254.222408 -5943110.297457
3756809.729665 -344540.012460 -5802405.866097
3942373.900474 -946214.039623 -5609153.948688
4092235.322748 -1539319.005917 -5365104.664522
4205036.828242 -2118483.660925 -5072468.161706
4279756.869052 -2678462.999844 -4733894.601727
4315718.768920 -3214185.763066 -4352450.159174
4312596.851311 -3720800.362289 -3931589.253985
4270419.388795 -4193718.817251 -3475123.267690
4189568.347003 -4628658.305190 -2987186.026947
4070775.925489 -5021679.946752 -2472196.366966
3915117.926819 -5369224.477090 -1934818.113858
3724004.013933 -5668144.479119 -1379917.848296
3499164.944020 -5915732.887010 -812520.833015
3242636.894516 -6109747.501803 -237765.503247
2956743.023159 -6248431.297102 339143.067736
2644072.429122 -6330528.330981 912980.306581
2307456.705722 -6355295.119988 1478549.454390
1949944.297077 -6322507.372246 2030728.629382
1574772.890921 -6232462.018677 2564517.211440
1185340.097605 -6085974.523946 3075081.128505
785172.680811 -5884371.501490 3557796.634683
377894.618632 -5629478.699499 4008292.183599
-32805.715731 -5323604.466659 4422488.017800
-443208.956453 -4969518.847388 4796633.115674
-849598.428233 -4570428.495886 5127339.161274
-1248293.805082 -4129947.636177 5411611.229442
-1635684.439930 -3652065.331137 5646874.908308
-2008262.063198 -3141109.356921 5830999.613564
-2362652.554235 -2601707.009957 5962317.883366
-2695646.497874 -2038743.201426 6039640.479129
-3004228.249398 -1457316.218756 6062267.155452
-3285603.244679 -862691.554737 6029993.001650
-3537223.308187 -260254.222408 5943110.297457
-3756809.729665 344540.012460 5802405.866097
-3942373.900474 946214.039623 5609153.948688
-4092235.322748 1539319.005917 5365104.664522
-4205036.828242 2118483.660925 5072468.161706
-4279756.869052 2678462.999844 4733894.601727
-4315718.768920 3214185.763066 4352450.159174
-4312596.851311 3720800.362289 3931589.253985
-4270419.388795 4193718.817251 3475123.267690
-4189568.347003 4628658.305190 2987186.026947
-4070775.925489 5021679.946752 2472196.366966
-3915117.926819 5369224.477090 1934818.113858
-3724004.013933 5668144.479119 1379917.848296
-3499164.944020 5915732.887010 812520.833015
-3242636.894516 6109747.501803 237765.503247
-2956743.023159 6248431.297102 -339143.067736
-2644072.429122 6330528.330981 -912980.306581
-2307456.705722 6355295.119988 -1478549.454390


3447894.696693 5804249.426062 1524123.276044
2892388.275725 6024055.016053 1801413.951877
2310687.938635 6189305.830971 2062390.744005
1708061.653753 6298505.333846 2304690.206187
1089966.898035 6350664.597070 2526118.036971
462001.233303 6345311.258278 2724668.951634
-170148.386140 6282493.798135 2898544.842345
-800757.115451 6162781.101289 3046171.062113
-1424114.064323 5987257.304458 3166210.685031
-2034574.015700 5757511.978329 3257576.613686
-2626608.549728 5475625.732152 3319441.424079
-3194856.109991 5144151.371422 3351244.858908
-3734170.558585 4766090.779281 3352698.901341
-4239667.780350 4344867.730996 3323790.383345
-4706769.914167 3884296.887719 3264781.104936
-5131246.810781 3388549.250329 3176205.463276
-5509254.341683 2862114.386198 3058865.613094
-5837369.212137 2309759.770976 2913824.202243
-6112619.963067 1736487.613593 2742394.748199
-6332513.881049 1147489.555480 2546129.742645
-6495059.572711 548099.654259 2326806.591864
-6598784.999097 -56253.922306 2086411.520272
-6642750.806684 -660098.054640 1827121.582864
-6626558.834310 -1257964.236772 1551284.949464
-6550355.718985 -1844438.099975 1261399.639340
-6414831.567921 -2414208.446127 960090.898749
-6221213.708816 -2962115.346741 650087.426305
-5971255.574986 -3483196.872080 334196.661460
-5667220.825997 -3972734.027159 15279.359898
-5311862.847617 -4426293.487695 -303776.313914
-4908399.816726 -4839767.748978 -620080.942386
-4460485.557011 -5209412.324070 -930770.021822
-3972176.449368 -5531879.654458 -1233029.903807
-3447894.696693 -5804249.426062 -1524123.276044
-2892388.275725 -6024055.016053 -1801413.951877
-2310687.938635 -6189305.830971 -2062390.744005
-1708061.653753 -6298505.333846 -2304690.206187
-1089966.898035 -6350664.597070 -2526118.036971
-462001.233303 -6345311.258278 -2724668.951634
170148.386140 -6282493.798135 -2898544.842345
800757.115451 -6162781.101289 -3046171.062113
1424114.064323 -5987257.304458 -3166210.685031
2034574.015700 -5757511.978329 -3257576.613686
2626608.549728 -5475625.732152 -3319441.424079
3194856.109991 -5144151.371422 -3351244.858908
3734170.558585 -4766090.779281 -3352698.901341
4239667.780350 -4344867.730996 -3323790.383345
4706769.914167 -3884296.887719 -3264781.104936
5131246.810781 -3388549.250329 -3176205.463277
5509254.341683 -2862114.386198 -3058865.613094
5837369.212137 -2309759.770976 -2913824.202243
6112619.963067 -1736487.613593 -2742394.748199
6332513.881049 -1147489.555480 -2546129.742645
6495059.572711 -548099.654259 -2326806.591864
6598784.999097 56253.922306 -2086411.520272
6642750.806684 660098.054640 -1827121.582864
6626558.834310 1257964.236772 -1551284.949464
6550355.718985 1844438.099975 -1261399.639340
6414831.567921 2414208.446127 -960090.898749
6221213.708816 2962115.346741 -650087.426305
5971255.574986 3483196.872080 -334196.661460
5667220.825997 3972734.027159 -15279.359898
5311862.847617 4426293.487695 303776.313914
4908399.816726 4839767.748978 620080.942386
4460485.557011 5209412.324070 930770.021822
3972176.449368 5531879.654458 1233029.903807


-4529372.392344 3743566.878405 -3656601.394517
-4070046.182987 4214812.147268 -3683792.017962
-3573861.005134 4647887.424646 -3677621.650443
-3045310.388593 5038870.713763 -3638146.171763
-2489180.969594 5384221.209407 -3565723.077971
-1910509.142276 5680811.364013 -3461008.243819
-1314535.448316 5925955.211210 -3324949.983061
-706657.117775 6117432.690357 -3158780.460375
-92379.190947 6253509.751753 -2964004.532690
522735.336140 6332954.060457 -2742386.120970
1133115.891075 6355046.156507 -2495932.235870
1733234.773033 6319585.970461 -2226874.801937
2317657.212488 6226894.635254 -1937650.444957
2881090.589329 6077811.577972 -1630878.425495
3418432.363646 5873686.917867 -1309336.918464
3924816.285119 5616369.239472 -975937.853544
4395656.462542 5308188.851527 -633700.544294
4826688.894356 4951936.683349 -285724.344785
5214010.084111 4550839.009741 64839.418637
5554112.391135 4108528.233345 414815.986243
5843915.796270 3629009.989047 761035.916042
6080795.795000 3116626.868322 1100363.786735
6262607.165377 2576019.092057 1429726.592581
6387703.395475 2012082.487986 1746141.573005
6454951.594463 1429924.153326 2046743.224947
6463742.752238 834816.204105 2328809.253299
6413997.254714 232148.030064 2589785.224427
6306165.604818 -372622.512486 2827307.699525
6141224.342672 -974018.527861 3039225.638276
5920667.201886 -1566593.680616 3223619.879012
5646491.582082 -2144981.518408 3378820.518933
5321180.460130 -2703944.071410 3503422.037012
4947679.903925 -3238419.288185 3596296.022605
4529372.392344 -3743566.878405 3656601.394517
4070046.182987 -4214812.147268 3683792.017962
3573861.005134 -4647887.424646 3677621.650443
3045310.388593 -5038870.713763 3638146.171763
2489180.969594 -5384221.209407 3565723.077971
1910509.142276 -5680811.364012 3461008.243819
1314535.448316 -5925955.211210 3324949.983061
706657.117775 -6117432.690357 3158780.460375
92379.190947 -6253509.751753 2964004.532690
-522735.336140 -6332954.060457 2742386.120970
-1133115.891075 -6355046.156507 2495932.235870
-1733234.773033 -6319585.970461 2226874.801937
-2317657.212488 -6226894.635254 1937650.444957
-2881090.589329 -6077811.577972 1630878.425495
-3418432.363646 -5873686.917867 1309336.918464
-3924816.285119 -5616369.239472 975937.853544
-4395656.462542 -5308188.851527 633700.544294
-4826688.894356 -4951936.683349 285724.344785
-5214010.084111 -4550839.009741 -64839.418637
-5554112.391135 -4108528.233345 -414815.986243
-5843915.796270 -3629009.989047 -761035.916042
-6080795.795000 -3116626.868322 -1100363.786735
-6262607.165377 -2576019.092056 -1429726.592581
-6387703.395475 -2012082.487986 -1746141.573005
-6454951.594463 -1429924.153326 -2046743.224947
-6463742.752238 -834816.204105 -2328809.253299
-6413997.254714 -232148.030064 -2589785.224427
-6306165.604818 372622.512486 -2827307.699525
-6141224.342672 974018.527861 -3039225.638276
-5920667.201886 1566593.680616 -3223619.879012
-5646491.582082 2144981.518408 -3378820.518933
-5321180.460130 2703944.071410 -3503422.037012
-4947679.903925 3238419.288185 -3596296.022605


2817671.528357 688066.702032 6283910.595469
2541506.039226 1285522.659304 6307806.238701
2242324.277843 1871336.724305 6274577.411847
1922835.680567 2440203.674148 6184525.040310
1585933.585609 2986971.761642 6038464.652309
1234669.030512 3506689.370319 5837718.993339
872223.121482 3994649.857034 5584106.047171
501878.224796 4446434.176056 5279922.571920
126988.241189 4857950.898634 4927923.300242
-249051.767595 5225473.265600 4531295.992048
-622836.325005 5545672.937489 4093632.565663
-990980.380207 5815650.136488 3618896.568847
-1350149.963629 6032959.907274 3111387.284305
-1697092.379905 6195634.258914 2575700.794705
-2028665.664787 6302199.987287 2016688.359852
-2341867.039261 6351692.016655 1439412.482919
-2633860.103182 6343662.139536 849101.063643
-2902000.522144 6278183.075742 251100.053648
-3143859.974992 6155847.813813 -349174.957316
-3357248.145068 5977764.240825 -946287.785796
-3540232.556059 5745545.109193 -1534830.885552
-3691156.072804 5461293.431333 -2109474.319134
-3808651.908564 5127583.434456 -2665014.026621
-3891656.002856 4747437.247970 -3196418.954396
-3939416.657748 4324297.534608 -3698876.617142
-3951501.345354 3861996.313139 -4167836.680458
-3927800.624871 3364720.255013 -4599052.169390
-3868529.133694 2836972.769218 -4988617.929695
-3774223.643626 2283533.218708 -5333005.993523
-3645738.199788 1709413.637757 -5629097.529237
-3484236.386257 1119813.342192 -5874211.086038
-3291180.788464 520071.843593 -6066126.877601
-3068319.747799 -84379.506157 -6203106.884796
-2817671.528357 -688066.702032 -6283910.595469
-2541506.039226 -1285522.659304 -6307806.238701
-2242324.277843 -1871336.724305 -6274577.411847
-1922835.680567 -2440203.674148 -6184525.040310
-1585933.585609 -2986971.761642 -6038464.652309
-1234669.030512 -3506689.370319 -5837718.993339
-872223.121482 -3994649.857034 -5584106.047171
-501878.224796 -4446434.176056 -5279922.571920
-126988.241189 -4857950.898634 -4927923.300242
249051.767595 -5225473.265600 -4531295.992048
622836.325005 -5545672.937489 -4093632.565663
990980.380207 -5815650.136488 -3618896.568847
1350149.963629 -6032959.907274 -3111387.284305
1697092.379905 -6195634.258914 -2575700.794705
2028665.664787 -6302199.987287 -2016688.359852
2341867.039261 -6351692.016655 -1439412.482919
2633860.103182 -6343662.139536 -849101.063643
2902000.522144 -6278183.075742 -251100.053648
3143859.974992 -6155847.813813 349174.957316
3357248.145068 -5977764.240825 946287.785797
3540232.556059 -5745545.109193 1534830.885552
3691156.072804 -5461293.431333 2109474.319134
3808651.908564 -5127583.434456 2665014.026621
3891656.002856 -4747437.247970 3196418.954396
3939416.657748 -4324297.534608 3698876.617142
3951501.345354 -3861996.313139 4167836.680458
3927800.624871 -3364720.255013 4599052.169390
3868529.133694 -2836972.769218 4988617.929695
3774223.643626 -2283533.218708 5333005.993523
3645738.199788 -1709413.637757 5629097.529237
3484236.386257 -1119813.342192 5874211.086038
3291180.788464 -520071.843593 6066126.877601
3068319.747799 84379.506157 6203106.884796


460345.812768 -2550280.717931 -6417506.602444
753424.525683 -1985382.364091 -6587173.092644
1039680.109422 -1402504.080118 -6697185.123268
1316520.189092 -806924.502012 -6746546.408331
1581437.658061 -204037.290660 -6734809.924392
1832033.382708 400697.713992 -6662081.958866
2066037.929343 1001803.938096 -6529021.147472
2281332.116556 1593837.670604 -6336832.509522
2475966.206849 2171437.362355 -6087256.535083
2648177.563759 2729372.181097 -5782553.422828
2796406.614572 3262589.382713 -5425482.611325
2919310.974048 3766260.069655 -5019277.789137
3015777.601278 4235822.922187 -4567617.610036
3084932.879545 4667025.506401 -4074592.378545
3126150.527942 5055962.784923 -3544667.007509
3139057.273061 5399112.481530 -2982640.583147
3123536.229420 5693366.979430 -2393602.903790
3079727.957994 5936061.464325 -1782888.385879
3008029.193273 6124998.057377 -1156027.754657
2909089.250373 6258465.719543 -518697.957075
2783804.144738 6335255.747004 123329.249530
2633308.477685 6354672.717382 764239.567352
2458965.161280 6316540.787587 1398228.813308
2262353.075595 6221205.286278 2019555.482608
2045252.770123 6069529.586519 2622592.744723
1809630.338850 5862887.286935 3201879.400823
1557619.615000 5603149.772190 3752169.341245
1291502.846713 5292669.265438 4268479.055076
1013690.028652 4934257.526229 4746132.761593
726697.076717 4531160.386773 5180804.754865
433123.043525 4087028.357188 5568558.578009
135626.580979 3605883.565907 5905882.672357
-163098.136887 3092083.334669 6189722.178677
-460345.812768 2550280.717931 6417506.602444
-753424.525683 1985382.364091 6587173.092644
-1039680.109422 1402504.080118 6697185.123268
-1316520.189092 806924.502012 6746546.408331
-1581437.658061 204037.290660 6734809.924392
-1832033.382708 -400697.713992 6662081.958866
-2066037.929343 -1001803.938096 6529021.147472
-2281332.116556 -1593837.670604 6336832.509522
-2475966.206849 -2171437.362355 6087256.535083
-2648177.563759 -2729372.181097 5782553.422828
-2796406.614572 -3262589.382713 5425482.611325
-2919310.974048 -3766260.069655 5019277.789137
-3015777.601278 -4235822.922187 4567617.610036
-3084932.879545 -4667025.506401 4074592.378545
-3126150.527942 -5055962.784923 3544667.007509
-3139057.273061 -5399112.481530 2982640.583147
-3123536.229420 -5693366.979430 2393602.903790
-3079727.957994 -5936061.464325 1782888.385879
-3008029.193273 -6124998.057377 1156027.754657
-2909089.250373 -6258465.719543 518697.957075
-2783804.144738 -6335255.747004 -123329.249530
-2633308.477685 -6354672.717382 -764239.567352
-2458965.161280 -6316540.787587 -1398228.813308
-2262353.075595 -6221205.286278 -2019555.482608
-2045252.770123 -6069529.586519 -2622592.744723
-1809630.338850 -5862887.286935 -3201879.400823
-1557619.615000 -5603149.772190 -3752169.341245
-1291502.846713 -5292669.265438 -4268479.055076
-1013690.028652 -4934257.526229 -4746132.761593
-726697.076717 -4531160.386773 -5180804.754864
-433123.043525 -4087028.357188 -5568558.578009
-135626.580979 -3605883.565907 -5905882.672357
163098.136887 -3092083.334669 -6189722.178677


-2069888.645566 -5110915.064033 4182624.678740
-2581154.482455 -4728690.729087 4344809.147287
-3069044.984649 -4303642.638644 4467646.351386
-3529141.740208 -3839620.094029 4550023.858294
-3957278.041668 -3340825.355263 4591195.644554
-4349576.620382 -2811775.584740 4590788.852092
-4702484.759673 -2257261.939107 4548807.164884
-5012806.468783 -1682306.179808 4465630.775591
-5277731.426260 -1092115.195233 4342012.942474
-5494860.430663 -492033.846332 4179073.167772
-5662227.128106 112503.437274 3978287.059318
-5778315.819860 716021.872332 3741472.967202
-5842075.188754 1313055.902434 3470775.516513
-5852927.820071 1898198.694953 3168646.185284
-5810775.430702 2466151.106146 2837821.103524
-5715999.759211 3011769.671030 2481296.274403
-5569459.108756 3530113.183388 2102300.441982
-5372480.574161 4016487.444106 1704265.851210
-5126848.023536 4466487.772562 1290797.164977
-4834785.943299 4876038.896097 865638.819733
-4498939.292873 5241431.856316 432641.115291
-4122349.551534 5559357.597987 -4274.654088
-3708427.174294 5826936.936364 -441151.711538
-3260920.706300 6041746.631522 -874033.630774
-2783882.835423 6201841.333596 -1299000.166102
-2281633.690494 6305771.200175 -1712202.754771
-1758721.717544 6352595.026293 -2109899.370151
-1219882.488375 6341888.768128 -2488488.410109
-669995.814488 6273749.383213 -2844541.313674
-114041.554753 6148793.952371 -3174833.610614
442945.482961 5968154.091331 -3476374.122740
995921.137790 5733465.702648 -3746432.052482
1539877.576572 5446854.160713 -3982561.713407
2069888.645566 5110915.064033 -4182624.678740
2581154.482455 4728690.729087 -4344809.147287
3069044.984649 4303642.638644 -4467646.351386
3529141.740208 3839620.094029 -4550023.858294
3957278.041668 3340825.355263 -4591195.644554
4349576.620382 2811775.584740 -4590788.852092
4702484.759673 2257261.939107 -4548807.164884
5012806.468783 1682306.179808 -4465630.775591
5277731.426260 1092115.195233 -4342012.942474
5494860.430663 492033.846332 -4179073.167772
5662227.128106 -112503.437274 -3978287.059318
5778315.819860 -716021.872332 -3741472.967202
5842075.188754 -1313055.902434 -3470775.516513
5852927.820071 -1898198.694953 -3168646.185284
5810775.430702 -2466151.106146 -2837821.103524
5715999.759211 -3011769.671030 -2481296.274403
5569459.108756 -3530113.183388 -2102300.441982
5372480.574161 -4016487.444106 -1704265.851210
5126848.023536 -4466487.772562 -1290797.164977
4834785.943299 -4876038.896097 -865638.819733
4498939.292873 -5241431.856316 -432641.115291
4122349.551534 -5559357.597987 4274.654088
3708427.174294 -5826936.936364 441151.711538
3260920.706300 -6041746.631522 874033.630774
2783882.835423 -6201841.333596 1299000.166102
2281633.690494 -6305771.200175 1712202.754771
1758721.717544 -6352595.026293 2109899.370151
1219882.488375 -6341888.768128 2488488.410109
669995.814488 -6273749.383213 2844541.313674
114041.554753 -6148793.952371 3174833.610614
-442945.482961 -5968154.091331 3476374.122740
-995921.137790 -5733465.702648 3746432.052482
-1539877.576572 -5446854.160713 3982561.713407


1032390.853483 -6313371.883268 -2641163.680881
1676044.256865 -6215394.083184 -2541651.636190
2304519.143914 -6061128.711805 -2419122.000698
2912123.948732 -5851972.820224 -2274684.421758
3493356.108117 -5589820.556581 -2109646.948450
4042951.893627 -5277046.012373 -1925504.185690
4555934.080722 -4916481.722307 -1723923.758853
5027657.023278 -4511393.012427 -1506731.211500
5453848.725279 -4065448.428820 -1275893.472972
5830649.528675 -3582686.514691 -1033501.045576
6154647.067041 -3067479.236693 -781749.072670
6422907.168497 -2524492.391716 -522917.459104
6633000.428023 -1958643.352713 -259350.224053
6783024.208528 -1375056.536204 6565.726788
6871619.871423 -779016.994770 272422.217390
6897985.080665 -175922.554798 535811.610207
6861881.068838 428765.067073 794348.610109
6763634.799463 1029569.726100 1045691.865989
6604136.005969 1621050.442255 1287565.174402
6384829.134129 2197850.674579 1517778.093212
6107700.260935 2754746.830848 1734245.778575
5775259.108378 3286695.573234 1935007.865613
5390516.315014 3788879.491552 2118246.221776
4956956.171159 4256750.730471 2282301.412137
4478505.064614 4686072.175602 2425687.727486
3959495.922691 5072955.825453 2547106.639148
3404628.972548 5413898.001783 2645458.558657
2818929.175211 5705811.079446 2719852.795799
2207700.718741 5946051.448407 2769615.624843
1576478.982691 6132443.454682 2794296.385902
930980.408849 6263299.103399 2793671.566184
277050.732260 6337433.345540 2767746.824151
-379387.958664 6354174.809927 2716756.938282
-1032390.853483 6313371.883268 2641163.680881
-1676044.256865 6215394.083184 2541651.636190
-2304519.143914 6061128.711805 2419122.000698
-2912123.948732 5851972.820224 2274684.421758
-3493356.108117 5589820.556581 2109646.948450
-4042951.893627 5277046.012373 1925504.185690
-4555934.080722 4916481.722307 1723923.758853
-5027657.023278 4511393.012427 1506731.211500
-5453848.725279 4065448.428820 1275893.472972
-5830649.528675 3582686.514691 1033501.045576
-6154647.067041 3067479.236693 781749.072670
-6422907.168497 2524492.391716 522917.459104
-6633000.428023 1958643.352713 259350.224053
-6783024.208528 1375056.536204 -6565.726788
-6871619.871423 779016.994770 -272422.217390
-6897985.080665 175922.554798 -535811.610207
-6861881.068838 -428765.067073 -794348.610109
-6763634.799463 -1029569.726100 -1045691.865989
-6604136.005969 -1621050.442255 -1287565.174402
-6384829.134129 -2197850.674579 -1517778.093212
-6107700.260935 -2754746.830848 -1734245.778575
-5775259.108378 -3286695.573234 -1935007.865613
-5390516.315014 -3788879.491552 -2118246.221776
-4956956.171159 -4256750.730471 -2282301.412137
-4478505.064614 -4686072.175602 -2425687.727486
-3959495.922691 -5072955.825453 -2547106.639148
-3404628.972549 -5413898.001783 -2645458.558657
-2818929.175211 -5705811.079446 -2719852.795799
-2207700.718741 -5946051.448407 -2769615.624843
-1576478.982691 -6132443.454682 -2794296.385902
-930980.408849 -6263299.103399 -2793671.566184
-277050.732260 -6337433.345540 -2767746.824151
379387.958664 -6354174.809927 -2716756.938282


113058.652500 -5838109.604618 3715364.717705
-383618.718901 -6050415.016690 3338496.039284
-876821.979779 -6207926.933442 2931393.423753
-1362084.605029 -6309218.902563 2497743.655439
-1835011.981172 -6353373.608296 2041473.933796
-2291321.204655 -6339991.178787 1566716.308078
-2726879.868488 -6269192.807392 1077770.256863
-3137743.485965 -6141619.655124 579063.751305
-3520191.212541 -5958427.044207 75113.154744
-3870759.542381 -5721273.995291 -429517.678177
-4186273.674404 -5432308.203114 -930258.732493
-4463876.263770 -5094146.586635 -1422575.219673
-4701053.298444 -4709851.589819 -1902008.645372
-4895656.866471 -4282903.447667 -2364217.186245
-5045924.607804 -3817168.668670 -2805015.010172
-5150495.674507 -3316865.019105 -3220410.183799
-5208423.054809 -2786523.326298 -3606640.824109
-5219182.149382 -2230946.446745 -3960209.166614
-5182675.522199 -1655165.770699 -4277913.241652
-5099233.782931 -1064395.657125 -4556875.871923
-4969612.592888 -463986.211655 -4794570.728647
-4794985.821641 140625.164799 -4988845.210396
-4576934.916271 743963.017983 -5137939.937377
-4317434.579543 1340563.426872 -5240504.684656
-4018834.886692 1925023.485775 -5295610.609998
-3683840.002774 2492050.233893 -5302758.665611
-3315483.693335 3036508.589190 -5261884.117595
-2917101.850154 3553467.852489 -5173357.132188
-2492302.280893 4038246.360647 -5037979.423477
-2044932.036234 4486453.884425 -4856976.992957
-1579042.570390 4894031.387081 -4631989.026667
-1098853.050507 5257287.783637 -4365053.050470
-608712.147237 5572933.367912 -4058586.477903
-113058.652500 5838109.604618 -3715364.717705
383618.718901 6050415.016690 -3338496.039284
876821.979779 6207926.933442 -2931393.423753
1362084.605029 6309218.902563 -2497743.655439
1835011.981172 6353373.608296 -2041473.933796
2291321.204655 6339991.178787 -1566716.308079
2726879.868488 6269192.807392 -1077770.256863
3137743.485965 6141619.655124 -579063.751305
3520191.212541 5958427.044207 -75113.154744
3870759.542381 5721273.995291 429517.678177
4186273.674404 5432308.203113 930258.732493
4463876.263771 5094146.586634 1422575.219673
4701053.298444 4709851.589819 1902008.645372
4895656.866471 4282903.447667 2364217.186245
5045924.607804 3817168.668670 2805015.010172
5150495.674507 3316865.019105 3220410.183799
5208423.054809 2786523.326299 3606640.824109
5219182.149382 2230946.446745 3960209.166614
5182675.522199 1655165.770699 4277913.241652
5099233.782931 1064395.657125 4556875.871923
4969612.592888 463986.211655 4794570.728647
4794985.821641 -140625.164799 4988845.210396
4576934.916271 -743963.017983 5137939.937377
4317434.579543 -1340563.426872 5240504.684656
4018834.886692 -1925023.485775 5295610.609998
3683840.002774 -2492050.233893 5302758.665611
3315483.693335 -3036508.589190 5261884.117595
2917101.850154 -3553467.852489 5173357.132188
2492302.280893 -4038246.360647 5037979.423477
2044932.036234 -4486453.884425 4856976.992957
1579042.570390 -4894031.387081 4631989.026667
1098853.050507 -5257287.783637 4365053.050470
608712.147237 -5572933.367912 4058586.477903


1272313.402932 -3811424.701050 -5635113.251120
1500700.024423 -4277595.162211 -5229753.346471
1715496.074103 -4705027.059182 -4777031.985669
1914756.325685 -5089849.502512 -4281049.083464
2096676.247474 -5428577.480566 -3746296.337821
2259608.344488 -5718143.420319 -3177616.552415
2402077.078425 -5955924.967781 -2580159.779445
2522792.230368 -6139768.736438 -1959336.679964
2620660.585210 -6268009.808651 -1320769.524098
2694795.831973 -6339486.813411 -670241.274896
2744526.590382 -6353552.443895 -13643.216919
2769402.490987 -6310079.319575 643078.396142
2769198.253782 -6209461.139797 1293976.191666
2743915.728370 -6052609.118378 1933155.538420
2693783.877216 -5840943.731514 2554827.929262
2619256.702127 -5576381.853725 3153363.402752
2521009.132741 -5261319.398344 3723341.528956
2399930.914262 -4898609.619756 4259600.497700
2257118.549784 -4491537.273883 4757283.864721
2093865.370196 -4043788.870926 5211884.532380
1911649.821573 -3559419.289758 5619285.566634
1712122.076139 -3042815.056312 5975797.480628
1497089.088055 -2498654.618525 6278191.647262
1268498.229360 -1931865.977586 6523729.538137
1028419.654267 -1347582.059197 6710187.524090
779027.551531 -751094.229002 6835877.012726
522580.454653 -147804.373159 6899659.740573
261400.788254 456824.021975 6900958.081371
-2146.164163 1057315.348026 6839760.277145
-265673.680584 1648231.462555 6716620.544685
-526795.215014 2224220.937724 6532654.056479
-783146.010400 2780067.523653 6289526.841530
-1032404.514242 3310737.387583 5989440.697547
-1272313.402932 3811424.701050 5635113.251120
-1500700.024423 4277595.162211 5229753.346471
-1715496.074103 4705027.059182 4777031.985669
-1914756.325685 5089849.502512 4281049.083464
-2096676.247474 5428577.480566 3746296.337821
-2259608.344488 5718143.420319 3177616.552416
-2402077.078425 5955924.967781 2580159.779445
-2522792.230368 6139768.736438 1959336.679964
-2620660.585210 6268009.808651 1320769.524098
-2694795.831973 6339486.813411 670241.274896
-2744526.590382 6353552.443895 13643.216920
-2769402.490987 6310079.319575 -643078.396142
-2769198.253782 6209461.139797 -1293976.191666
-2743915.728370 6052609.118378 -1933155.538420
-2693783.877216 5840943.731514 -2554827.929262
-2619256.702127 5576381.853725 -3153363.402752
-2521009.132741 5261319.398344 -3723341.528956
-2399930.914262 4898609.619756 -4259600.497700
-2257118.549784 4491537.273883 -4757283.864721
-2093865.370196 4043788.870926 -5211884.532380
-1911649.821573 3559419.289758 -5619285.566634
-1712122.076139 3042815.056312 -5975797.480628
-1497089.088055 2498654.618525 -6278191.647262
-1268498.229360 1931865.977586 -6523729.538137
-1028419.654267 1347582.059197 -6710187.524090
-779027.551531 751094.229002 -6835877.012726
-522580.454653 147804.373159 -6899659.740573
-261400.788254 -456824.021975 -6900958.081371
2146.164163 -1057315.348026 -6839760.277145
265673.680584 -1648231.462555 -6716620.544685
526795.215014 -2224220.937724 -6532654.056479
783146.010400 -2780067.523653 -6289526.841530
1032404.514242 -3310737.387583 -5989440.697547


-4377908.691555 -771889.591707 5304558.694804
-4517400.248039 -1368044.693829 5061797.083517
-4615981.528341 -1951810.571357 4773195.054002
-4672759.765120 -2517900.550105 4441366.230931
-4687220.765871 -3061188.031565 4069315.707510
-4659233.569532 -3576752.920175 3660412.830893
-4589051.632488 -4059926.180465 3218360.688850
-4477310.533227 -4506332.120571 2747162.574033
-4325022.216449 -4911928.019169 2251085.729537
-4133565.828732 -5273040.736995 1734622.704086
-3904675.228772 -5586399.981356 1202450.666813
-3640423.285286 -5849167.922411 659389.050097
-3343203.104795 -6058964.892994 110355.904035
-3015706.359280 -6213890.939252 -439676.642183
-2660898.909981 -6312543.026920 -985727.408644
-2281993.948102 -6354027.747414 -1522851.275048
-1882422.895655 -6337969.408682 -2046183.964487
-1465804.329964 -6264513.437527 -2550986.095083
-1035911.213275 -6134325.062597 -3032686.100573
-596636.724224 -5948583.289977 -3486921.631112
-151959.000607 -5708970.225921 -3909579.059398
294094.887251 -5417655.843444 -4296830.734308
737485.406268 -5077278.330704 -4645169.644707
1174197.143244 -4690920.199165 -4951441.179481
1600275.169062 -4262080.367895 -5212871.696185
2011860.855139 -3794642.476814 -5427093.639575
2405226.817769 -3292839.715849 -5592166.982558
2776810.673878 -2761216.488507 -5706596.795379
3123247.302524 -2204587.257061 -5769346.783933
3441399.319952 -1627992.942026 -5779848.674606
3728385.492225 -1036655.270808 -5738007.360650
3981606.828125 -435929.488926 -5644201.763483
4198770.116023 168744.137912 -5499281.401121
4377908.691555 771889.591707 -5304558.694804
4517400.248039 1368044.693829 -5061797.083517
4615981.528341 1951810.571357 -4773195.054002
4672759.765120 2517900.550105 -4441366.230931
4687220.765871 3061188.031565 -4069315.707510
4659233.569532 3576752.920175 -3660412.830893
4589051.632488 4059926.180465 -3218360.688850
4477310.533227 4506332.120570 -2747162.574033
4325022.216449 4911928.019169 -2251085.729538
4133565.828732 5273040.736995 -1734622.704086
3904675.228772 5586399.981356 -1202450.666813
3640423.285286 5849167.922411 -659389.050098
3343203.104795 6058964.892994 -110355.904035
3015706.359280 6213890.939252 439676.642183
2660898.909981 6312543.026920 985727.408644
2281993.948102 6354027.747414 1522851.275048
1882422.895655 6337969.408682 2046183.964487
1465804.329964 6264513.437527 2550986.095083
1035911.213275 6134325.062597 3032686.100573
596636.724224 5948583.289976 3486921.631112
151959.000607 5708970.225921 3909579.059398
-294094.887251 5417655.843444 4296830.734308
-737485.406268 5077278.330704 4645169.644707
-1174197.143244 4690920.199165 4951441.179482
-1600275.169062 4262080.367895 5212871.696185
-2011860.855139 3794642.476814 5427093.639575
-2405226.817769 3292839.715849 5592166.982558
-2776810.673878 2761216.488507 5706596.795379
-3123247.302524 2204587.257061 5769346.783933
-3441399.319952 1627992.942026 5779848.674606
-3728385.492225 1036655.270808 5738007.360650
-3981606.828125 435929.488926 5644201.763483
-4198770.116023 -168744.137912 5499281.401121


5986261.115169 2472767.904439 -2439331.414915
6261541.377636 1905050.763196 -2250360.452418
6480116.151762 1320081.187237 -2041009.877186
6640005.990548 723156.751627 -1813175.600449
6739762.906853 119683.296490 -1568920.924696
6778483.486595 -484874.029112 -1310457.858096
6755817.070209 -1085040.260423 -1040127.082204
6671968.928271 -1675380.199113 -760376.754388
6527698.402538 -2250547.635280 -473740.336937
6324312.029233 -2805333.763556 -182813.653634
6063651.706847 -3334714.354853 109768.618426
5748078.015624 -3833895.256559 401356.808879
5380448.839780 -4298355.809129 689310.249920
4964093.486059 -4723889.785873 971021.190594
4502782.533020 -5106643.485205 1243938.413001
4000693.684089 -5443150.630351 1505590.336510
3462373.933632 -5730363.760497 1753607.400786
2892698.388670 -5965681.829058 1985743.524887
2296826.119155 -6146973.759167 2199896.448127
1680153.436633 -6272597.743030 2394126.768471
1048265.024410 -6341416.110396 2566675.506059
406883.361798 -6352805.631475 2715980.032805
-238183.099545 -6306663.160998 2840688.223794
-881092.537856 -6203406.572324 2939670.702337
-1516022.665703 -6043970.973110 3012031.067780
-2137223.457528 -5829800.236832 3057114.013449
-2739069.222764 -5562833.926842 3074511.261206
-3316109.552963 -5245489.731384 3064065.258882
-3863118.681539 -4880641.568635 3025870.607092
-4375142.809115 -4471593.560054 2960273.202515
-4847544.965905 -4022050.107750 2867867.105408
-5276047.004823 -3536082.346840 2749489.159693
-5656768.345048 -3018091.276621 2606211.414379
-5986261.115169 -2472767.904439 2439331.414915
-6261541.377636 -1905050.763196 2250360.452418
-6480116.151762 -1320081.187237 2041009.877186
-6640005.990548 -723156.751627 1813175.600449
-6739762.906853 -119683.296490 1568920.924696
-6778483.486595 484874.029112 1310457.858096
-6755817.070209 1085040.260423 1040127.082204
-6671968.928271 1675380.199113 760376.754388
-6527698.402538 2250547.635280 473740.336937
-6324312.029233 2805333.763556 182813.653634
-6063651.706847 3334714.354853 -109768.618426
-5748078.015624 3833895.256559 -401356.808879
-5380448.839780 4298355.809128 -689310.249920
-4964093.486059 4723889.785873 -971021.190594
-4502782.533020 5106643.485205 -1243938.413001
-4000693.684089 5443150.630351 -1505590.336510
-3462373.933632 5730363.760497 -1753607.400786
-2892698.388670 5965681.829058 -1985743.524887
-2296826.119155 6146973.759167 -2199896.448127
-1680153.436633 6272597.743030 -2394126.768471
-1048265.024410 6341416.110396 -2566675.506059
-406883.361798 6352805.631475 -2715980.032805
238183.099545 6306663.160998 -2840688.223794
881092.537856 6203406.572324 -2939670.702337
1516022.665703 6043970.973110 -3012031.067780
2137223.457528 5829800.236832 -3057114.013449
2739069.222764 5562833.926842 -3074511.261206
3316109.552963 5245489.731384 -3064065.258882
3863118.681539 4880641.568635 -3025870.607092
4375142.809115 4471593.560054 -2960273.202515
4847544.965905 4022050.107750 -2867867.105408
5276047.004823 3536082.346840 -2749489.159693
5656768.345048 3018091.276621 -2606211.414379


-4721503.546313 5060310.626637 -30027.056029
-5089408.174073 4671896.927932 -414179.348178
-5411222.333293 4241173.807187 -794580.768013
-5684031.625115 3772041.959682 -1167786.341368
-5905365.446346 3268749.916075 -1530416.260780
-6073219.363627 2735855.567049 -1879186.493544
-6186073.265889 2178184.886350 -2210938.522423
-6242905.130718 1600788.226021 -2522667.949670
-6243200.279945 1008894.579628 -2811551.705321
-6186956.040654 407864.227691 -3074973.613348
-6074681.769385 -196859.805851 -3310548.084162
-5907394.239324 -799801.046507 -3516141.718874
-5686608.432250 -1395499.165034 -3689892.629692
-5414323.818620 -1978559.427023 -3830227.301462
-5093006.250059 -2543701.548454 -3935874.841665
-4725565.628227 -3085807.514761 -4005878.489815
-4315329.552294 -3599967.930364 -4039604.282037
-3866013.183689 -4081526.478922 -4036746.792332
-3381685.601026 -4526122.091646 -3997331.898570
-2866732.949894 -4929728.441821 -3921716.548133
-2325818.721242 -5288690.407839 -3810585.525343
-1763841.518089 -5599757.174550 -3664945.249951
-1185890.693011 -5860111.673145 -3486114.662845
-597200.258177 -6067396.092966 -3275713.281515
-3101.485326 -6219733.234211 -3035646.533450
591025.375056 -6315743.508136 -2768088.500296
1179799.818119 -6354557.430835 -2475462.229035
1757889.811333 -6335823.497413 -2160417.788493
2320060.082199 -6259711.365272 -1825808.269909
2861219.529691 -6126910.317666 -1474663.948900
3376467.330051 -5938623.021449 -1110164.842812
3861137.319412 -5696554.635530 -735611.911994
4310840.251295 -5402897.368699 -354397.165789
4721503.546313 -5060310.626637 30027.056029
5089408.174073 -4671896.927932 414179.348178
5411222.333294 -4241173.807187 794580.768013
5684031.625115 -3772041.959682 1167786.341368
5905365.446346 -3268749.916075 1530416.260780
6073219.363627 -2735855.567049 1879186.493544
6186073.265889 -2178184.886350 2210938.522423
6242905.130718 -1600788.226021 2522667.949670
6243200.279945 -1008894.579628 2811551.705321
6186956.040654 -407864.227691 3074973.613348
6074681.769385 196859.805851 3310548.084162
5907394.239324 799801.046507 3516141.718874
5686608.432250 1395499.165034 3689892.629692
5414323.818619 1978559.427023 3830227.301462
5093006.250059 2543701.548454 3935874.841665
4725565.628227 3085807.514761 4005878.489815
4315329.552293 3599967.930364 4039604.282037
3866013.183689 4081526.478922 4036746.792332
3381685.601026 4526122.091646 3997331.898570
2866732.949894 4929728.441821 3921716.548133
2325818.721242 5288690.407839 3810585.525343
1763841.518089 5599757.174550 3664945.249951
1185890.693011 5860111.673145 3486114.662845
597200.258177 6067396.092966 3275713.281515
3101.485326 6219733.234211 3035646.533450
-591025.375056 6315743.508136 2768088.500296
-1179799.818119 6354557.430835 2475462.229035
-1757889.811333 6335823.497413 2160417.788493
-2320060.082200 6259711.365272 1825808.269909
-2861219.529691 6126910.317666 1474663.948900
-3376467.330051 5938623.021449 1110164.842812
-3861137.319412 5696554.635530 735611.911994
-4310840.251295 5402897.368699 354397.165789


2853172.075752 6303123.474449 -174024.630438
3048897.238681 6197230.499356 445870.794980
3217011.116083 6035214.445196 1061728.345434
3355991.242652 5818542.554444 1667970.719579
3464578.992838 5549177.041295 2259107.692595
3541790.979163 5229557.321549 2829785.836517
3586927.957920 4862577.920883 3374837.001699
3599581.161641 4451562.261575 3889325.120388
3579636.000953 4000232.565086 4368590.908509
3527273.102320 3512676.143036 4808294.060870
3442966.672261 2993308.381883 5204452.557633
3327480.202861 2446832.756498 5553478.726105
3181859.557471 1878198.234770 5852211.731255
3007423.499205 1292554.458981 6097946.200730
2805751.748020 695205.109854 6288456.725121
2578670.674523 91559.875597 6422018.011617
2328236.760080 -512914.539071 6497420.508527
2056717.973002 -1112743.920247 6513981.359160
1766573.229470 -1702496.120168 6471550.585890
1460430.125211 -2276830.251587 6370512.448370
1141061.139585 -2830545.055672 6211781.963619
811358.527581 -3358626.005412 5996796.619487
474308.127109 -3856290.717951 5727503.356542
132962.318790 -4319032.264586 5406340.936275
-209587.616878 -4742659.986215 5036217.855296
-550239.494632 -5123337.444590 4620486.005542
-885908.318316 -5457617.165698 4162910.319022
-1213554.219083 -5742471.860620 3667634.672010
-1530209.984918 -5975321.841129 3139144.357461
-1833007.932171 -6154058.381744 2582225.465503
-2119205.875742 -6277062.816673 2001921.539861
-2386211.962735 -6343221.198708 1403487.902749
-2631608.144680 -6351934.387295 792344.061854
-2853172.075752 -6303123.474449 174024.630438
-3048897.238681 -6197230.499356 -445870.794980
-3217011.116083 -6035214.445196 -1061728.345434
-3355991.242652 -5818542.554444 -1667970.719579
-3464578.992838 -5549177.041295 -2259107.692595
-3541790.979163 -5229557.321549 -2829785.836516
-3586927.957920 -4862577.920883 -3374837.001699
-3599581.161641 -4451562.261575 -3889325.120387
-3579636.000953 -4000232.565086 -4368590.908509
-3527273.102320 -3512676.143036 -4808294.060870
-3442966.672261 -2993308.381883 -5204452.557633
-3327480.202861 -2446832.756498 -5553478.726105
-3181859.557471 -1878198.234770 -5852211.731255
-3007423.499205 -1292554.458981 -6097946.200730
-2805751.748020 -695205.109854 -6288456.725121
-2578670.674523 -91559.875597 -6422018.011617
-2328236.760080 512914.539071 -6497420.508527
-2056717.973002 1112743.920247 -6513981.359160
-1766573.229470 1702496.120168 -6471550.585890
-1460430.125211 2276830.251587 -6370512.448370
-1141061.139585 2830545.055672 -6211781.963619
-811358.527581 3358626.005412 -5996796.619487
-474308.127109 3856290.717951 -5727503.356542
-132962.318790 4319032.264586 -5406340.936275
209587.616878 4742659.986215 -5036217.855296
550239.494632 5123337.444590 -4620486.005542
885908.318316 5457617.165698 -4162910.319022
1213554.219083 5742471.860620 -3667634.672010
1530209.984918 5975321.841129 -3139144.357461
1833007.932171 6154058.381744 -2582225.465502
2119205.875742 6277062.816673 -2001921.539861
2386211.962735 6343221.198708 -1403487.902749
2631608.144680 6351934.387295 -792344.061854


-3256670.859389 5870940.642465 1681187.641597
-3138244.645446 6075708.451467 1066502.863617
-2991398.002025 6225453.703885 442159.670552
-2817460.795069 6318820.283525 -186187.788959
-2618008.226858 6354962.648185 -812849.103021
-2394846.570735 6333553.487012 -1432149.129734
-2149996.813217 6254786.684685 -2038479.392154
-1885676.351623 6119375.565565 -2626348.869533
-1604278.912985 5928546.433714 -3190433.724848
-1308352.876082 5684027.467301 -3725625.518301
-1000578.192930 5388033.067951 -4227077.470133
-683742.118719 5043243.806780 -4690248.353815
-360713.970001 4652782.148729 -5110943.622103
-34419.139712 4220184.175038 -5485353.393500
292187.395635 3749367.559946 -5810086.955137
616147.836681 3244596.091628 -6082203.469595
934528.347506 2710441.058665 -6299238.607579
1244445.624900 2151739.851753 -6459226.865272
1543093.010008 1573552.155539 -6560719.364236
1827765.905863 981114.127333 -6602796.972686
2095886.270638 379790.977661 -6585078.629283
2345025.964791 -224971.617917 -6507724.794088
2572928.740670 -827696.835686 -6371435.995412
2777530.675446 -1422926.302738 -6177446.485720
2956978.862313 -2005269.528847 -5927513.064052
3109648.190704 -2569452.723579 -5623899.166178
3234156.063539 -3110366.556557 -5269354.366573
3329374.918241 -3623112.428347 -4867089.477845
3394442.438117 -4103046.832932 -4420747.473117
3428769.361631 -4545823.410026 -3934370.494704
3432044.818848 -4947432.306381 -3412363.247838
3404239.146720 -5304236.489640 -2859453.110982
3345604.157721 -5613004.685868 -2280647.323956
3256670.859389 -5870940.642465 -1681187.641597
3138244.645446 -6075708.451467 -1066502.863617
2991398.002025 -6225453.703885 -442159.670552
2817460.795069 -6318820.283525 186187.788959
2618008.226858 -6354962.648185 812849.103021
2394846.570735 -6333553.487012 1432149.129734
2149996.813217 -6254786.684685 2038479.392154
1885676.351623 -6119375.565565 2626348.869533
1604278.912985 -5928546.433714 3190433.724848
1308352.876082 -5684027.467301 3725625.518301
1000578.192930 -5388033.067951 4227077.470132
683742.118719 -5043243.806780 4690248.353815
360713.970001 -4652782.148729 5110943.622103
34419.139712 -4220184.175038 5485353.393500
-292187.395635 -3749367.559946 5810086.955137
-616147.836681 -3244596.091628 6082203.469595
-934528.347506 -2710441.058665 6299238.607579
-1244445.624900 -2151739.851753 6459226.865272
-1543093.010008 -1573552.155538 6560719.364236
-1827765.905863 -981114.127333 6602796.972686
-2095886.270638 -379790.977661 6585078.629283
-2345025.964791 224971.617917 6507724.794088
-2572928.740670 827696.835686 6371435.995412
-2777530.675446 1422926.302738 6177446.485720
-2956978.862313 2005269.528847 5927513.064052
-3109648.190704 2569452.723579 5623899.166178
-3234156.063539 3110366.556557 5269354.366573
-3329374.918241 3623112.428347 4867089.477845
-3394442.438117 4103046.832932 4420747.473117
-3428769.361631 4545823.410026 3934370.494704
-3432044.818848 4947432.306381 3412363.247838
-3404239.146720 5304236.489640 2859453.110982
-3345604.157721 5613004.685868 2280647.323956


5574592.113071 3878610.646567 -1334369.973144
5307629.745193 4339624.123597 -947084.977094
4992600.660436 4761337.292557 -551223.032832
4632357.810974 5139931.053684 -150369.127426
4230163.611839 5471976.803250 251846.544084
3789660.395977 5754467.483530 651781.454291
3314837.428726 5984844.815178 1045813.730718
2809994.780405 6161022.465403 1430374.956050
2279704.384214 6281404.942124 1801982.484282
1728768.632099 6344902.042989 2157270.980092
1162176.883546 6350938.728420 2493022.895844
585060.281167 6299460.329260 2806197.610198
2645.282283 6190933.041862 3093958.964443
-579793.672687 6026339.706148 3353700.947195
-1156981.926373 5807170.904853 3583071.294836
-1723692.372572 5535411.464581 3779992.793978
-2274792.793724 5213522.480906 3942682.093032
-2805292.339075 4844419.030310 4069665.852512
-3310386.722594 4431443.770798 4159794.087828
-3785501.731327 3978336.670272 4212250.583724
-4226334.650181 3489201.136800 4226560.286052
-4628893.227980 2968466.857517 4202593.603929
-4989531.831904 2420849.682693 4140567.583342
-5304984.462910 1851308.918265 4041043.941538
-5572394.333123 1265002.413591 3904923.980027
-5789339.737348 667239.851169 3733440.422261
-5953855.984410 63434.661330 3528146.249894
-6064453.189701 -540945.002624 3290900.638741
-6120129.767801 -1140425.784868 3023852.121794
-6120381.502999 -1729578.694605 2729419.131778
-6065206.115541 -2303068.271851 2410268.099443
-5955103.282281 -2855700.906189 2069289.305960
-5791070.111525 -3382471.870904 1709570.708085
-5574592.113071 -3878610.646567 1334369.973144
-5307629.745193 -4339624.123597 947084.977094
-4992600.660436 -4761337.292557 551223.032832
-4632357.810974 -5139931.053684 150369.127426
-4230163.611839 -5471976.803250 -251846.544084
-3789660.395977 -5754467.483530 -651781.454291
-3314837.428726 -5984844.815178 -1045813.730717
-2809994.780405 -6161022.465403 -1430374.956050
-2279704.384215 -6281404.942124 -1801982.484282
-1728768.632099 -6344902.042989 -2157270.980092
-1162176.883546 -6350938.728420 -2493022.895844
-585060.281167 -6299460.329260 -2806197.610198
-2645.282283 -6190933.041862 -3093958.964443
579793.672687 -6026339.706148 -3353700.947195
1156981.926373 -5807170.904853 -3583071.294836
1723692.372572 -5535411.464581 -3779992.793978
2274792.793724 -5213522.480906 -3942682.093032
2805292.339075 -4844419.030310 -4069665.852512
3310386.722594 -4431443.770798 -4159794.087828
3785501.731327 -3978336.670272 -4212250.583724
4226334.650181 -3489201.136800 -4226560.286052
4628893.227980 -2968466.857517 -4202593.603929
4989531.831904 -2420849.682693 -4140567.583342
5304984.462910 -1851308.918265 -4041043.941538
5572394.333123 -1265002.413591 -3904923.980027
5789339.737348 -667239.851169 -3733440.422261
5953855.984410 -63434.661330 -3528146.249894
6064453.189701 540945.002624 -3290900.638741
6120129.767801 1140425.784868 -3023852.121794
6120381.502999 1729578.694605 -2729419.131778
6065206.115541 2303068.271851 -2410268.099443
5955103.282281 2855700.906189 -2069289.305960
5791070.111525 3382471.870904 -1709570.708085


-6685949.114271 855576.412850 -1570450.394999
-6523055.145331 1450325.569729 -1801818.057619
-6301087.378874 2031940.353660 -2016868.176892
-6022055.989367 2595153.571094 -2213653.225635
-5688487.928282 3134864.675919 -2390391.087973
-5303404.039634 3646185.960794 -2545481.198458
-4870291.702751 4124486.820981 -2677519.037032
-4393073.250024 4565435.689825 -2785308.848583
-3876070.445661 4965039.266087 -2867874.471885
-3323965.347118 5319678.677900 -2924468.179868
-2741757.903662 5626142.255833 -2954577.451150
-2134720.676059 5881654.618267 -2957929.611506
-1508351.087444 6083901.805682 -2934494.303253
-868321.637807 6231052.236229 -2884483.760173
-220428.532955 6321773.292822 -2808350.885487
429460.806825 6355243.391525 -2706785.150299
1075460.883035 6331159.421940 -2580706.349633
1711721.418949 6249739.492226 -2431256.272632
2332480.340627 6111720.953875 -2259788.362338
2932115.959146 5918353.724141 -2067855.458697
3505197.881490 5671388.966602 -1857195.735807
4046536.189026 5373063.232346 -1629716.960739
4551228.438212 5026078.205417 -1387479.216507
5014704.057887 4633576.235953 -1132676.245634
5432765.741067 4199111.882569 -867615.583281
5801627.456412 3726619.721728 -594697.659853
6117948.735107 3220378.715606 -316394.062325
6378864.922669 2684973.461147 -35225.151175
6582013.121700 2125252.671245 246262.764400
6725553.590651 1546285.264050 525520.486245
6808186.404807 953314.458055 800019.013188
6829163.228608 351710.288703 1067272.444062
6788294.092688 -253079.023487 1324860.490411
6685949.114271 -855576.412850 1570450.394999
6523055.145331 -1450325.569729 1801818.057619
6301087.378874 -2031940.353660 2016868.176892
6022055.989367 -2595153.571094 2213653.225635
5688487.928282 -3134864.675919 2390391.087973
5303404.039634 -3646185.960794 2545481.198458
4870291.702751 -4124486.820981 2677519.037032
4393073.250024 -4565435.689825 2785308.848583
3876070.445661 -4965039.266087 2867874.471885
3323965.347118 -5319678.677900 2924468.179868
2741757.903662 -5626142.255833 2954577.451150
2134720.676059 -5881654.618267 2957929.611506
1508351.087444 -6083901.805682 2934494.303254
868321.637807 -6231052.236229 2884483.760173
220428.532955 -6321773.292822 2808350.885487
-429460.806825 -6355243.391525 2706785.150299
-1075460.883035 -6331159.421940 2580706.349633
-1711721.418949 -6249739.492226 2431256.272632
-2332480.340627 -6111720.953875 2259788.362338
-2932115.959146 -5918353.724141 2067855.458697
-3505197.881490 -5671388.966602 1857195.735807
-4046536.189026 -5373063.232346 1629716.960739
-4551228.438212 -5026078.205417 1387479.216507
-5014704.057887 -4633576.235953 1132676.245634
-5432765.741067 -4199111.882569 867615.583281
-5801627.456412 -3726619.721728 594697.659853
-6117948.735107 -3220378.715606 316394.062325
-6378864.922669 -2684973.461147 35225.151175
-6582013.121700 -2125252.671245 -246262.764400
-6725553.590651 -1546285.264050 -525520.486245
-6808186.404807 -953314.458054 -800019.013188
-6829163.228608 -351710.288703 -1067272.444062
-6788294.092688 253079.023487 -1324860.490411


4859318.624532 -2394819.191950 4307215.404776
4807606.638035 -1824383.340361 4632362.770912
4712356.221348 -1237425.590728 4915558.742456
4574429.976994 -639261.523325 5154238.652835
4395076.986400 -35308.204575 5346240.979820
4175921.498022 568964.870743 5489826.920606
3918948.217901 1168085.312085 5583696.138679
3626484.335855 1756627.391959 5626998.539863
3301178.450088 2329261.182151 5619341.970907
2945976.581077 2880800.822382 5560795.770886
2564095.491953 3406251.484262 5451890.143254
2158993.556993 3900854.605230 5293611.354238
1734339.442052 4360130.982830 5087392.801063
1293978.880555 4779921.339068 4835102.030878
841899.845938 5156423.987469 4539023.827968
382196.435945 5486229.261748 4201839.522387
-80968.204156 5766350.394269 3826602.707420
-543399.583663 5994250.564678 3416711.585770
-1000909.852392 6167865.873740 2975878.194909
-1449355.726503 6285624.034333 2508094.790289
-1884676.010717 6346458.610317 2017597.690859
-2302928.377129 6349818.674353 1508828.914309
-2700325.067540 6295673.797180 986395.949462
-3073267.195983 6184514.323191 455030.030150
-3418377.340793 6017346.929795 -80456.711578
-3732530.131055 5795685.510794 -615214.824867
-4012880.550454 5521537.466323 -1144401.457433
-4256889.702179 5197385.523526 -1663224.213187
-4462347.801564 4826165.252592 -2166984.552909
-4627394.188247 4411238.481781 -2651120.344954
-4750534.176592 3956362.852182 -3111247.180619
-4830652.591795 3465657.787935 -3543198.080027
-4867023.869081 2943567.190091 -3943061.228945
-4859318.624532 2394819.191950 -4307215.404776
-4807606.638035 1824383.340361 -4632362.770912
-4712356.221348 1237425.590728 -4915558.742456
-4574429.976994 639261.523325 -5154238.652835
-4395076.986400 35308.204575 -5346240.979820
-4175921.498022 -568964.870743 -5489826.920606
-3918948.217901 -1168085.312085 -5583696.138679
-3626484.335855 -1756627.391959 -5626998.539863
-3301178.450088 -2329261.182150 -5619341.970907
-2945976.581078 -2880800.822381 -5560795.770886
-2564095.491953 -3406251.484262 -5451890.143254
-2158993.556993 -3900854.605230 -5293611.354238
-1734339.442052 -4360130.982830 -5087392.801063
-1293978.880555 -4779921.339068 -4835102.030878
-841899.845938 -5156423.987469 -4539023.827968
-382196.435945 -5486229.261748 -4201839.522387
80968.204156 -5766350.394269 -3826602.707420
543399.583663 -5994250.564678 -3416711.585770
1000909.852392 -6167865.873740 -2975878.194909
1449355.726503 -6285624.034333 -2508094.790289
1884676.010717 -6346458.610317 -2017597.690859
2302928.377129 -6349818.674353 -1508828.914309
2700325.067540 -6295673.797180 -986395.949462
3073267.195983 -6184514.323191 -455030.030150
3418377.340793 -6017346.929795 80456.711578
3732530.131055 -5795685.510794 615214.824867
4012880.550454 -5521537.466323 1144401.457433
4256889.702179 -5197385.523526 1663224.213187
4462347.801564 -4826165.252592 2166984.552909
4627394.188247 -4411238.481781 2651120.344954
4750534.176592 -3956362.852182 3111247.180619
4830652.591795 -3465657.787935 3543198.080027
4867023.869081 -2943567.190091 3943061.228945


-2064930.873297 -5008814.158770 -4306748.449980
-1883835.006293 -4614279.565789 -4802065.259636
-1685678.837754 -4177957.342522 -5253893.822682
-1472256.900626 -3703798.890587 -5658142.309684
-1245501.977022 -3196098.262353 -6011149.783745
-1007467.594643 -2659453.273326 -6309719.354515
-760309.429716 -2098723.863629 -6551147.129726
-506265.784857 -1518988.085628 -6733246.702060
-247637.318653 -925496.116303 -6854368.949591
13233.789456 -323622.710831 -6913416.970489
273985.050318 281181.472024 -6909856.016734
532255.060137 883439.231926 -6843718.336873
785704.885710 1477696.429340 -6715602.883978
1032039.246168 2058571.379063 -6526669.891428
1269027.299398 2620803.587599 -6278630.365662
1494522.844891 3159301.393005 -5973730.591034
1706483.760068 3669188.075766 -5614731.787119
1902990.494058 4145846.023125 -5204885.102677
2082263.451448 4584958.546898 -4747902.172749
2242679.108576 4982548.976072 -4247921.505513
2382784.716409 5335016.670152 -3709471.003317
2501311.456867 5639169.627119 -3137426.957289
2597185.933434 5892253.390696 -2536969.886893
2669539.892003 6091975.995129 -1913537.624342
2717718.083922 6236528.721585 -1272776.068746
2741284.200024 6324602.478187 -620488.055977
2740024.821912 6355399.655358 37419.192711
2713951.354710 6328641.349092 694987.567396
2663299.923774 6244569.886754 1346262.027049
2588529.236305 6103946.632526 1985344.529311
2490316.427229 5908045.092375 2606447.444078
2369550.926953 5658639.380983 3203945.967172
2227326.406549 5357988.155096 3772429.059445
2064930.873297 5008814.158770 4306748.449980
1883835.006293 4614279.565789 4802065.259636
1685678.837754 4177957.342522 5253893.822682
1472256.900626 3703798.890587 5658142.309684
1245501.977022 3196098.262353 6011149.783745
1007467.594643 2659453.273326 6309719.354515
760309.429716 2098723.863629 6551147.129726
506265.784857 1518988.085628 6733246.702060
247637.318653 925496.116303 6854368.949591
-13233.789456 323622.710831 6913416.970489
-273985.050318 -281181.472024 6909856.016734
-532255.060137 -883439.231926 6843718.336873
-785704.885710 -1477696.429340 6715602.883978
-1032039.246168 -2058571.379063 6526669.891428
-1269027.299398 -2620803.587599 6278630.365662
-1494522.844891 -3159301.393005 5973730.591034
-1706483.760068 -3669188.075766 5614731.787119
-1902990.494058 -4145846.023125 5204885.102677
-2082263.451448 -4584958.546898 4747902.172749
-2242679.108576 -4982548.976072 4247921.505513
-2382784.716409 -5335016.670152 3709471.003317
-2501311.456867 -5639169.627119 3137426.957289
-2597185.933434 -5892253.390696 2536969.886893
-2669539.892003 -6091975.995129 1913537.624342
-2717718.083922 -6236528.721585 1272776.068746
-2741284.200024 -6324602.478187 620488.055977
-2740024.821912 -6355399.655358 -37419.192711
-2713951.354710 -6328641.349092 -694987.567396
-2663299.923774 -6244569.886754 -1346262.027049
-2588529.236305 -6103946.632526 -1985344.529311
-2490316.427229 -5908045.092375 -2606447.444078
-2369550.926953 -5658639.380983 -3203945.967173
-2227326.406549 -5357988.155096 -3772429.059445


1369633.807239 -6291763.952376 2537331.393738
901670.915103 -6177974.469065 2986613.805038
425542.351533 -6008236.292278 3408848.979230
-54439.989470 -5784086.597231 3800213.089194
-533929.313498 -5507555.318271 4157161.880944
-1008583.290981 -5181146.765483 4476462.770948
-1474103.381999 -4807816.945266 4755224.120901
-1926273.764519 -4390946.790283 4990921.424850
-2360999.513536 -3934311.541214 5181420.171512
-2774343.685349 -3442046.557583 5324995.174739
-3162562.971130 -2918609.867313 5420346.197067
-3522141.596909 -2368741.794127 5466609.724873
-3849823.162969 -1797422.028444 5463366.788486
-4142640.134306 -1209824.530535 5410646.756438
-4397940.715083 -611270.674330 5308927.069505
-4613412.863706 -7181.056242 5159128.916923
-4787105.231030 596973.594604 4962608.893958
-4917444.832081 1195721.960134 4721146.716370
-5003251.291247 1783641.682431 4436929.103032
-5043747.531947 2355408.469447 4112529.972660
-5038566.813955 2905844.312621 3750887.134016
-4987756.054653 3429964.379718 3355275.680646
-4891775.404148 3923022.158249 2929278.331136
-4751494.078072 4380552.440620 2476752.983448
-4568182.485839 4798411.761744 2001797.777208
-4343500.725613 5172815.922901 1508713.980311
-4079483.550208 5500374.262029 1001967.035979
-3778521.940049 5778120.360087 486146.123010
-3443341.450082 6003538.905400 -34077.404531
-3076977.526729 6174588.472714 -553992.321818
-2682748.018411 6289720.010661 -1068890.198852
-2264223.128606 6347890.870204 -1574108.040723
-1825193.083524 6348574.247031 -2065070.516421
-1369633.807239 6291763.952376 -2537331.393738
-901670.915103 6177974.469065 -2986613.805038
-425542.351533 6008236.292278 -3408848.979230
54439.989470 5784086.597231 -3800213.089194
533929.313498 5507555.318271 -4157161.880944
1008583.290981 5181146.765483 -4476462.770948
1474103.381999 4807816.945266 -4755224.120901
1926273.764519 4390946.790283 -4990921.424850
2360999.513536 3934311.541214 -5181420.171512
2774343.685349 3442046.557583 -5324995.174739
3162562.971130 2918609.867313 -5420346.197067
3522141.596909 2368741.794127 -5466609.724873
3849823.162969 1797422.028445 -5463366.788486
4142640.134306 1209824.530535 -5410646.756438
4397940.715083 611270.674330 -5308927.069505
4613412.863706 7181.056242 -5159128.916923
4787105.231030 -596973.594604 -4962608.893958
4917444.832081 -1195721.960134 -4721146.716370
5003251.291247 -1783641.682431 -4436929.103032
5043747.531947 -2355408.469447 -4112529.972660
5038566.813955 -2905844.312621 -3750887.134016
4987756.054653 -3429964.379718 -3355275.680646
4891775.404148 -3923022.158249 -2929278.331136
4751494.078072 -4380552.440620 -2476752.983448
4568182.485839 -4798411.761744 -2001797.777208
4343500.725613 -5172815.922901 -1508713.980311
4079483.550208 -5500374.262029 -1001967.035979
3778521.940049 -5778120.360087 -486146.123010
3443341.450082 -6003538.905400 34077.404531
3076977.526729 -6174588.472714 553992.321818
2682748.018411 -6289720.010661 1068890.198852
2264223.128606 -6347890.870204 1574108.040723
1825193.083524 -6348574.247031 2065070.516421


-2879651.359919 -5902736.752156 -2183013.486001
-2273748.888140 -6099930.861661 -2349712.849827
-1647254.994331 -6241883.052685 -2495132.850223
-1005843.304209 -6327307.784204 -2617956.541146
-355322.541366 -6355431.436622 -2717071.612232
298416.077435 -6325999.317786 -2791580.462049
949452.194028 -6239277.969524 -2840808.326915
1591889.924525 -6096052.753794 -2864309.391662
2219911.253356 -5897620.740328 -2861870.827008
2827828.722114 -5645778.960168 -2833514.716974
3410136.936065 -5342808.131475 -2779497.858882
3961562.421850 -4991452.004989 -2700309.437765
4477111.384880 -4594892.516200 -2596666.596225
4952114.933910 -4156720.969248 -2469507.939887
5382271.363245 -3680905.513514 -2319985.037232
5763685.109649 -3171755.207447 -2149451.990821
6092902.031171 -2633880.995063 -1959453.174331
6366940.688390 -2072153.948522 -1751709.246465
6583319.344790 -1491661.154941 -1528101.568404
6740078.441751 -897659.646952 -1290655.165907
6835798.344616 -295528.794194 -1041520.390365
6869612.199123 309278.413087 -782953.444884
6841213.781769 911284.747167 -517295.951764
6750860.273019 1505038.345461 -246953.746398
6599369.928241 2085162.083437 25624.910336
6388114.667454 2646402.270690 297971.503914
6119007.651015 3183676.229175 567619.621411
5794485.953736 3692118.322723 832127.287718
5417488.494362 4167124.021002 1089099.080450
4991429.420265 4604391.598852 1336207.823258
4520167.188395 4999961.093375 1571215.661101
4007969.622502 5350250.165974 1791994.326609
3459475.263058 5652086.544562 1996544.413998
2879651.359919 5902736.752156 2183013.486001
2273748.888140 6099930.861661 2349712.849827
1647254.994331 6241883.052685 2495132.850223
1005843.304209 6327307.784204 2617956.541146
355322.541366 6355431.436622 2717071.612232
-298416.077435 6325999.317786 2791580.462049
-949452.194028 6239277.969524 2840808.326915
-1591889.924525 6096052.753794 2864309.391662
-2219911.253356 5897620.740328 2861870.827008
-2827828.722114 5645778.960168 2833514.716974
-3410136.936065 5342808.131475 2779497.858882
-3961562.421850 4991452.004989 2700309.437765
-4477111.384880 4594892.516200 2596666.596225
-4952114.933910 4156720.969248 2469507.939887
-5382271.363245 3680905.513514 2319985.037232
-5763685.109649 3171755.207447 2149451.990821
-6092902.031171 2633880.995063 1959453.174331
-6366940.688390 2072153.948522 1751709.246465
-6583319.344790 1491661.154941 1528101.568404
-6740078.441751 897659.646952 1290655.165907
-6835798.344616 295528.794194 1041520.390365
-6869612.199123 -309278.413087 782953.444884
-6841213.781769 -911284.747167 517295.951763
-6750860.273019 -1505038.345461 246953.746398
-6599369.928241 -2085162.083437 -25624.910336
-6388114.667454 -2646402.270690 -297971.503914
-6119007.651015 -3183676.229175 -567619.621411
-5794485.953736 -3692118.322723 -832127.287718
-5417488.494362 -4167124.021002 -1089099.080450
-4991429.420264 -4604391.598852 -1336207.823258
-4520167.188395 -4999961.093375 -1571215.661101
-4007969.622502 -5350250.165974 -1791994.326609
-3459475.263058 -5652086.544562 -1996544.413998


