#12280501454
#1131
4134814.500268 -625021.608093 5514789.029309
#1130
3971980.527797 -1263118.880651 5525227.812511
#1065
3661631.788145 -1987140.919836 5526659.444254
#1064
3321596.405043 -2550957.956057 5509977.479848
#1063
2951480.130534 -3091673.122003 5443396.306144
#1062
2554634.794916 -3604389.617399 5327518.892561
#1061
2134654.291000 -4084464.202266 5163394.642900
#1060
1695342.027265 -4527549.246822 4952509.891781
#1586
1330610.947731 -4642210.874028 4155597.875978


#1012280501454
#1131
4136471.844501 -617639.256722 5514377.882246
#1130
3974060.761717 -1255834.618680 5525392.427033
#1065
3665355.037349 -1980542.247440 5526560.038242
#1064
3325684.052971 -2544595.620340 5510453.675403
#1063
2955895.158815 -3085604.741262 5444443.790765
#1062
2559337.220369 -3598670.147829 5329128.180065
#1061
2139601.527732 -4079145.440270 5165551.159330
#1060
1700489.272334 -4522679.359932 4955194.107391
#1586
1330948.535314 -4642114.096994 4155597.875978


#2012280501454
#1131
4138124.230611 -610256.165027 5513960.125452
#1130
3976136.232185 -1248548.851420 5525550.418621
#1065
3669073.893126 -1973941.201095 5526454.007897
#1064
3329767.714615 -2538230.234579 5510923.265930
#1063
2960306.644053 -3079532.662004 5445484.749480
#1062
2564036.578108 -3592946.364764 5330731.079885
#1061
2144546.199861 -4073821.788863 5167701.484146
#1060
1705634.479136 -4517804.051996 4957872.383528
#1586
1331286.115858 -4642017.295411 4155597.875978


#3012280501454
#1131
4139771.656617 -602872.341857 5513535.759428
#1130
3978206.936713 -1241261.587604 5525701.787088
#1065
3672788.351021 -1967337.788714 5526341.353346
#1064
3333847.385081 -2531861.806405 5511386.250868
#1063
2964714.580962 -3073456.891508 5446519.181043
#1062
2568732.862502 -3587218.275065 5332327.590100
#1061
2149488.301460 -4068493.254429 5169845.614770
#1060
1710777.641503 -4512923.328859 4960544.716982
#1586
1331623.689361 -4641920.469278 4155597.875978


#4012280501454
#1131
4141414.120544 -595487.796063 5513104.784683
#1130
3980272.872821 -1233972.835969 5525846.532250
#1065
3676498.406579 -1960732.018212 5526222.074725
#1064
3337923.059477 -2525490.343450 5511842.629661
#1063
2969118.964258 -3067377.437057 5447547.084213
#1062
2573426.067920 -3581485.885598 5333917.708797
#1061
2154427.826605 -4063159.843352 5171983.548632
#1060
1715918.753272 -4508037.196370 4963211.104549
#1586
1331961.255822 -4641823.618596 4155597.875978


#5012280501454
#1131
4143051.620424 -588102.536496 5512667.201733
#1130
3982334.038031 -1226682.605249 5525984.653935
#1065
3680204.055355 -1954123.897506 5526096.172176
#1064
3341994.732920 -2519115.853353 5512292.401762
#1063
2973519.788662 -3061294.305937 5448568.457758
#1062
2578116.188738 -3575749.203233 5335501.434068
#1061
2159364.769377 -4057821.562027 5174115.283169
#1060
1721057.808278 -4503145.660386 4965871.543034
#1059
1267164.681156 -4907688.574315 4712656.101221
#1586
1332298.815239 -4641726.743366 4155597.875978


#6012280501454
#1131
4144684.154295 -580716.572008 5512223.011103
#1130
3984390.429873 -1219390.904183 5526116.151976
#1065
3683905.292907 -1947513.434517 5525963.645851
#1064
3346062.400528 -2512738.343752 5512735.566632
#1063
2977917.048899 -3055207.505440 5449583.300453
#1062
2582803.219333 -3570008.234848 5337078.764017
#1061
2164299.123856 -4052478.416852 5176240.815826
#1060
1726194.800363 -4498248.726771 4968526.029247
#1059
1272457.789450 -4903282.199649 4715815.501552
#1586
1332636.367610 -4641629.843588 4155597.875978


#7012280501454
#1131
4146311.720198 -573329.911452 5511772.213325
#1130
3986442.045881 -1212097.741512 5526241.026218
#1065
3687602.114798 -1940900.637168 5525824.495908
#1064
3350126.057426 -2506357.822294 5513172.123740
#1063
2982310.739697 -3049117.042862 5450591.611083
#1062
2587487.154088 -3564262.987323 5338649.696752
#1061
2169230.884129 -4047130.414231 5178360.144056
#1060
1731329.723369 -4493346.401393 4971174.560007
#1059
1277749.372532 -4898869.947733 4718969.249337
#1586
1332973.912934 -4641532.919263 4155597.875978


#8012280501454
#1067
4262475.175999 -755637.983084 5400051.630541
#1066
3994974.399699 -1351079.541007 5487713.970281
#1065
3691294.516597 -1934285.513387 5525678.722514
#1064
3354185.698743 -2499974.296626 5513602.072562
#1063
2986700.855791 -3043022.925504 5451593.388439
#1062
2592167.987388 -3558513.467545 5340214.230390
#1061
2174160.044284 -4041777.560574 5180473.265318
#1060
1736462.571142 -4488438.690130 4973817.132140
#1059
1283039.424057 -4894451.823857 4722117.340798
#1586
1333311.451208 -4641435.970392 4155597.875978


#9012280501454
#1067
4265331.301327 -748740.034955 5398757.102332
#1066
3998261.334498 -1344291.107246 5486987.217047
#1065
3694982.493879 -1927668.071102 5525526.325843
#1064
3358241.319612 -2493587.774399 5514025.412584
#1063
2991087.391919 -3036925.160669 5452588.631320
#1062
2596845.713623 -3552759.682405 5341772.363057
#1061
2179086.598413 -4036419.862298 5182580.177080
#1060
1741593.337528 -4483525.598864 4976453.742477
#1059
1288327.937686 -4890027.833315 4725259.772159
#1586
1333648.982431 -4641338.996974 4155597.875978


#10012280501454
#1067
4268182.314075 -741841.189358 5397456.102979
#1066
4001543.476839 -1337501.062170 5486253.886913
#1065
3698666.042222 -1921048.318245 5525367.306079
#1064
3362292.915174 -2487198.263268 5514442.143297
#1063
2995470.342822 -3030823.755667 5453577.338533
#1062
2601520.327186 -3547001.638800 5343324.092884
#1061
2184010.540611 -4031057.325825 5184680.876815
#1060
1746722.016378 -4478607.133483 4979084.387858
#1059
1293614.907078 -4885597.981411 4728396.539655
#1586
1333986.506601 -4641241.999010 4155597.875978


#11012280501454
#1067
4271028.210828 -734941.454565 5396148.634042
#1066
4004820.822786 -1330709.413916 5485513.980758
#1065
3702345.157211 -1914426.262750 5525201.663412
#1064
3366340.480571 -2480805.770892 5514852.264202
#1063
2999849.703247 -3024718.717811 5454559.508893
#1062
2606191.822473 -3541239.343632 5344869.418011
#1061
2188931.864975 -4025689.957582 5186775.362006
#1060
1751848.601544 -4473683.299884 4981709.065131
#1059
1298900.325897 -4881162.273454 4731527.639526
#1586
1334324.023716 -4641144.976501 4155597.875978


#12012280501454
#1067
4273868.988173 -728040.838844 5394834.697088
#1066
4008093.368412 -1323916.170627 5484767.499470
#1065
3706019.834438 -1907801.912556 5525029.398040
#1064
3370384.010951 -2474410.304934 5515255.774809
#1063
3004225.467945 -3018610.054419 5455535.141222
#1062
2610860.193885 -3535472.803808 5346408.336586
#1061
2193850.565608 -4020317.764004 5188863.630143
#1060
1756973.086882 -4468754.103967 4984327.771149
#1059
1304184.187808 -4876720.714761 4734653.068018
#1586
1334661.533774 -4641047.929448 4155597.875978


#13012280501454
#1067
4276704.642706 -721139.350467 5393514.293693
#1066
4011361.109793 -1317121.340445 5484014.443944
#1065
3709690.069496 -1901175.275602 5524850.510170
#1064
3374423.501469 -2468011.873059 5515652.674632
#1063
3008597.631671 -3012497.772813 5456504.234352
#1062
2615525.435827 -3529702.026239 5347940.846766
#1061
2198766.636613 -4014940.751528 5190945.678722
#1060
1762095.466250 -4463819.551642 4986940.502773
#1059
1309466.486477 -4872273.310657 4737772.821385
#1586
1334999.036774 -4640950.857850 4155597.875978


#14012280501454
#1067
4279535.171027 -714236.997707 5392187.425438
#1066
4014624.043014 -1310324.931513 5483254.815081
#1065
3713355.857986 -1894546.359831 5524665.000017
#1064
3378458.947282 -2461610.482937 5516042.963196
#1063
3012966.189184 -3006381.880319 5457466.787121
#1062
2620187.542707 -3523927.017844 5349466.946711
#1061
2203680.072097 -4009558.926601 5193021.505247
#1060
1767215.733506 -4458879.648823 4989547.256872
#1059
1314747.215572 -4867820.066471 4740886.895888
#1586
1335336.532714 -4640853.761709 4155597.875978


#15012280501454
#1067
4282360.569745 -707333.788836 5390854.093914
#1066
4017882.164162 -1303526.951980 5482488.613793
#1065
3717017.195516 -1887915.173190 5524472.867802
#1064
3382490.343553 -2455206.142240 5516426.640034
#1063
3017331.135247 -3000262.384268 5458422.798374
#1062
2624846.508936 -3518147.785543 5350986.634594
#1061
2208590.866171 -4004172.295673 5195091.107231
#1060
1772333.882514 -4453934.401431 4992148.030321
#1059
1320026.368765 -4863360.987542 4743995.287795
#1586
1335674.021592 -4640756.641024 4155597.875978


#16012280501454
#1067
4285180.835471 -700429.732131 5389514.300719
#1066
4021135.469333 -1296727.409992 5481715.840998
#1065
3720674.077696 -1881281.723625 5524274.113756
#1064
3386517.685450 -2448798.858645 5516803.704685
#1063
3021692.464630 -2994139.291996 5459372.266967
#1062
2629502.328930 -3512364.336264 5352499.908594
#1061
2213499.012950 -3998780.865200 5197154.482193
#1060
1777449.907140 -4448983.815394 4994742.820003
#1059
1325303.939726 -4858896.079214 4747097.993379
#1586
1336011.503407 -4640659.495797 4155597.875978


#17012280501454
#1067
4287995.964827 -693524.835865 5388168.047460
#1066
4024383.954627 -1289926.313700 5480936.497622
#1065
3724326.500142 -1874646.019089 5524068.738118
#1064
3390540.968146 -2442388.639833 5517174.156698
#1063
3026050.172104 -2988012.610841 5460315.191760
#1062
2634154.997108 -3506576.676940 5354006.766895
#1061
2218404.506549 -3993384.641646 5199211.627660
#1060
1782563.801251 -4444027.896646 4997331.622807
#1059
1330579.922131 -4854425.346840 4750195.008921
#1586
1336348.978156 -4640562.326028 4155597.875978


#18012280501454
#1067
4290805.954437 -686619.108315 5386815.335749
#1066
4027627.616150 -1283123.671257 5480150.584599
#1065
3727974.458478 -1868008.067535 5523856.741133
#1064
3394560.186818 -2435975.493485 5517537.995629
#1063
3030404.252446 -2981882.348147 5461251.571624
#1062
2638804.507894 -3500784.814507 5355507.207691
#1061
2223307.341089 -3987983.631478 5201262.541165
#1060
1787675.558716 -4439066.651127 4999914.435630
#1059
1335854.309655 -4849948.795777 4753286.330710
#1586
1336686.445837 -4640465.131717 4155597.875978


#19012280501454
#1067
4293610.800934 -679712.557759 5385456.167209
#1066
4030866.450015 -1276319.490815 5479358.102872
#1065
3731617.948329 -1861367.876920 5523638.123056
#1064
3398575.336649 -2429559.427291 5517895.221041
#1063
3034754.700437 -2975748.511262 5462181.405437
#1062
2643450.855714 -3494988.755909 5357001.229186
#1061
2228207.510694 -3982577.841170 5203307.220251
#1060
1792785.173410 -4434100.084784 5002491.255377
#1059
1341127.095977 -4845466.431392 4756371.955040
#1586
1337023.906450 -4640367.912865 4155597.875978


#20012280501454
#1067
4296410.500955 -672805.192475 5384090.543468
#1066
4034100.452339 -1269513.780532 5478559.053390
#1065
3735256.965330 -1854725.455202 5523412.884148
#1064
3402586.412825 -2423140.448939 5518245.832506
#1063
3039101.510862 -2969611.107538 5463104.692083
#1062
2648094.035000 -3489188.508091 5358488.829586
#1061
2233105.009489 -3977167.277201 5205345.662466
#1060
1797892.639208 -4429128.203569 5005062.078959
#1059
1346398.274775 -4840978.259058 4759451.878211
#1586
1337361.359992 -4640270.669473 4155597.875978


#21012280501454
#1067
4299205.051144 -665897.020743 5382718.466164
#1066
4037329.619245 -1262706.548563 5477753.437111
#1065
3738891.505119 -1848080.810345 5523181.024680
#1064
3406593.410540 -2416718.566125 5518589.829604
#1063
3043444.678511 -2963470.144332 5464021.430457
#1062
2652734.040185 -3483384.078008 5359970.007111
#1061
2237999.831605 -3971751.946058 5207377.865368
#1060
1802997.949986 -4424151.013443 5007626.903294
#1059
1351667.839732 -4836484.284154 4762526.096534
#1586
1337698.806461 -4640173.401540 4155597.875978


#22012280501454
#1067
4301994.448153 -658988.050843 5381339.936940
#1066
4040553.946864 -1255897.803070 5476941.255000
#1065
3742521.563338 -1841433.950311 5522942.544930
#1064
3410596.324990 -2410293.786545 5518927.211923
#1063
3047784.198179 -2957325.629005 5464931.619459
#1062
2657370.865708 -3477575.472616 5361444.759983
#1061
2242891.971173 -3966331.854230 5209403.826520
#1060
1808101.099627 -4419168.520371 5010185.725309
#1059
1356935.784532 -4831984.512067 4765594.606322
#1586
1338036.245855 -4640076.109068 4155597.875978


#23012280501454
#1067
4304778.688636 -652078.291057 5379954.957450
#1066
4043773.431330 -1249087.552212 5476122.508032
#1065
3746147.135636 -1834784.883069 5522697.445183
#1064
3414595.151377 -2403866.117901 5519257.979059
#1063
3052120.064663 -2951177.568922 5465835.257998
#1062
2662004.506011 -3471762.698877 5362913.086436
#1061
2247781.422332 -3960907.008215 5211423.543495
#1060
1813202.082014 -4414180.730326 5012738.541935
#1059
1362202.102860 -4827478.948190 4768657.403898
#1586
1338373.678174 -4639978.792057 4155597.875978


#24012280501454
#1067
4307557.769258 -645167.749665 5378563.529354
#1066
4046988.068785 -1242275.804153 5475297.197187
#1065
3749768.217669 -1828133.616588 5522445.725733
#1064
3418589.884908 -2397435.567897 5519582.130614
#1063
3056452.272767 -2945025.971451 5466732.344992
#1062
2666634.955541 -3465945.763759 5364374.984709
#1061
2252668.179219 -3955477.414515 5213437.013870
#1060
1818300.891031 -4409187.649285 5015285.350114
#1059
1367466.788403 -4822967.597924 4771714.485590
#1586
1338711.103414 -4639881.450508 4155597.875978


#25012280501454
#1067
4310331.686688 -638256.434953 5377165.654318
#1066
4050197.855375 -1235462.567058 5474465.323455
#1065
3753384.805095 -1821480.158840 5522187.386881
#1064
3422580.520795 -2391002.144240 5519899.666200
#1063
3060780.817298 -2938870.843967 5467622.879364
#1062
2671262.208746 -3460124.674234 5365830.453050
#1061
2257552.235977 -3950043.079639 5215444.235234
#1060
1823397.520568 -4404189.283235 5017826.146792
#1059
1372729.834853 -4818450.466676 4774765.847735
#1586
1339048.521575 -4639784.084420 4155597.875978


#26012280501454
#1067
4313100.437599 -631344.355204 5375761.334019
#1066
4053402.787253 -1228647.849094 5473626.887833
#1065
3756996.893580 -1814824.517801 5521922.428939
#1064
3426567.054254 -2384565.854643 5520210.585437
#1063
3065105.693067 -2932712.193847 5468506.860048
#1062
2675886.260081 -3454299.437281 5367279.489715
#1061
2262433.586752 -3944604.010099 5217445.205179
#1060
1828491.964515 -4399185.638165 5020360.928924
#1059
1377991.235899 -4813927.559861 4777811.486674
#1586
1339385.932654 -4639686.693795 4155597.875978


#27012280501454
#1067
4315864.018673 -624431.518702 5374350.570141
#1066
4056602.860577 -1221831.658428 5472781.891326
#1065
3760604.478794 -1808166.701449 5521650.852222
#1064
3430549.480507 -2378126.706820 5520514.887952
#1063
3069426.894891 -2926550.028473 5469384.285984
#1062
2680507.104003 -3448470.059880 5368722.092966
#1061
2267312.225694 -3939160.212416 5219439.921308
#1060
1833584.216767 -4394176.720074 5022889.693472
#1059
1383250.985235 -4809398.882900 4780851.398758
#1586
1339723.336650 -4639589.278633 4155597.875978


#28012280501454
#1067
4318622.426599 -617517.933735 5372933.364373
#1066
4059798.071511 -1215014.003231 5471930.334946
#1065
3764207.556413 -1801506.717763 5521372.657057
#1064
3434527.794781 -2371684.708490 5520812.573380
#1063
3073744.417590 -2920384.355231 5470255.156119
#1062
2685124.734973 -3442636.549019 5370158.261075
#1061
2272188.146953 -3933711.693114 5221428.381229
#1060
1838674.271218 -4389162.534966 5025412.437404
#1059
1388509.076557 -4804864.441222 4783885.580341
#1586
1340060.733561 -4639491.838934 4155597.875978


#29012280501454
#1067
4321375.658069 -610603.608589 5371509.718415
#1066
4062988.416227 -1208194.891674 5471072.219715
#1065
3767806.122117 -1794844.574727 5521087.843777
#1064
3438501.992307 -2365239.867373 5521103.641365
#1063
3078058.255989 -2914215.181513 5471119.469412
#1062
2689739.147456 -3436798.911692 5371587.992320
#1061
2277061.344687 -3928258.458725 5223410.582559
#1060
1843762.121769 -4384143.088850 5027929.157697
#1059
1393765.503563 -4800324.240261 4786914.027789
#1586
1340398.123384 -4639394.374700 4155597.875978


#30012280501454
#1067
4324123.709784 -603688.551551 5370079.633973
#1066
4066173.890899 -1201374.331932 5470207.546661
#1065
3771400.171595 -1788180.280326 5520796.412724
#1064
3442472.068322 -2358792.191194 5521388.091557
#1063
3082368.404917 -2908042.514711 5471977.224824
#1062
2694350.335922 -3430957.154894 5373011.284987
#1061
2281931.813054 -3922800.515784 5225386.522922
#1060
1848847.762321 -4379118.387743 5030439.851334
#1059
1399020.259951 -4795778.285460 4789936.737470
#1586
1340735.506119 -4639296.885930 4155597.875978


#31012280501454
#1067
4326866.578449 -596772.770911 5368643.112762
#1066
4069354.491709 -1194552.332180 5469336.316820
#1065
3774989.700537 -1781513.842548 5520498.364246
#1064
3446438.018066 -2352341.687683 5521665.923616
#1063
3086674.859209 -2901866.362226 5472828.421329
#1062
2698958.294843 -3425111.285628 5374428.137371
#1061
2286799.546215 -3917337.870835 5227356.199950
#1060
1853931.186777 -4374088.437669 5032944.515306
#1059
1404273.339423 -4791226.582267 4792953.705761
#1586
1341072.881764 -4639199.372625 4155597.875978


#32012280501454
#1067
4329604.260777 -589856.274957 5367200.156502
#1066
4072530.214845 -1187728.900595 5468458.531237
#1065
3778574.704642 -1774845.269384 5520193.698702
#1064
3450399.836786 -2345888.364572 5521937.137208
#1063
3090977.613701 -2895686.731460 5473673.057906
#1062
2703563.018696 -3419261.310900 5375838.547773
#1061
2291664.538337 -3911870.530423 5229319.611282
#1060
1859012.389045 -4369053.244655 5035443.146610
#1059
1409524.735684 -4786669.136138 4795964.929046
#1586
1341410.250316 -4639101.834786 4155597.875978


#33012280501454
#1067
4332336.753486 -582939.071981 5365750.766925
#1066
4075701.056501 -1180904.045355 5467574.190964
#1065
3782155.179611 -1768174.568826 5519882.416456
#1064
3454357.519733 -2339432.229594 5522201.732009
#1063
3095276.663236 -2889503.629820 5474511.133543
#1062
2708164.501961 -3413407.237724 5377242.514502
#1061
2296526.783587 -3906398.501104 5231276.754564
#1060
1864091.363035 -4364012.814738 5037935.742253
#1059
1414774.442437 -4782105.952536 4798970.403716
#1586
1341747.611775 -4639004.272413 4155597.875978


#34012280501454
#1067
4335064.053301 -576021.170273 5364294.945766
#1066
4078867.012876 -1174077.774641 5466683.297061
#1065
3785731.121154 -1761501.748871 5519564.517881
#1064
3458311.062164 -2332973.290489 5522459.707701
#1063
3099572.002662 -2883317.064718 5475342.647234
#1062
2712762.739124 -3407549.073116 5378640.035876
#1061
2301386.276138 -3900921.789436 5233227.627450
#1060
1869168.102657 -4358967.153958 5040422.299244
#1059
1420022.453391 -4777537.036932 4801970.126168
#1586
1342084.966137 -4638906.685506 4155597.875978


#35012280501454
#1067
4337786.156954 -569102.578125 5362832.694772
#1066
4082028.080175 -1167250.096636 5465785.850595
#1065
3789302.524984 -1754826.817518 5519240.003358
#1064
3462260.459340 -2326511.554999 5522711.063975
#1063
3103863.626831 -2877127.043569 5476167.597983
#1062
2717357.724672 -3401686.824098 5380031.110219
#1061
2306243.010166 -3895440.401983 5235172.227602
#1060
1874242.601828 -4353916.268365 5042902.814606
#1059
1425268.762255 -4772962.394800 4804964.092807
#1586
1342422.313402 -4638809.074067 4155597.875978


#36012280501454
#1258
4352627.335247 -717287.881591 5332951.750709
#1193
4062602.950814 -1526386.177163 5391256.208177
#1128
3640670.822348 -2249398.388377 5439298.103034
#1063
3108151.530597 -2870933.573792 5476985.984803
#1062
2721949.453098 -3395820.497695 5381415.735865
#1061
2311096.979847 -3889954.345316 5237110.552690
#1060
1879314.854465 -4348860.164012 5045377.285363
#1059
1430513.362742 -4768382.031624 4807952.300044
#1586
1342759.653568 -4638711.438096 4155597.875978


#37012280501454
#1258
4351890.475878 -709915.536735 5334539.363119
#1193
4063606.221942 -1518994.573643 5392587.593933
#1128
3643381.648988 -2242404.402484 5440370.727767
#1063
3112435.708821 -2864736.662811 5477797.806710
#1062
2726537.918898 -3389950.100941 5382793.911153
#1061
2315948.179366 -3884463.626011 5239042.600389
#1060
1884384.854488 -4343798.846959 5047845.708551
#1059
1435756.248563 -4763795.952895 4810934.744298
#1586
1343096.986632 -4638613.777592 4155597.875978


#38012280501454
#1258
4351148.400178 -702542.340949 5336120.581359
#1193
4064604.622286 -1511601.149403 5393912.515940
#1128
3646088.108540 -2235407.728764 5441436.831476
#1063
3116716.156369 -2858536.318055 5478603.062733
#1062
2731123.116572 -3384075.640872 5384165.634431
#1061
2320796.602905 -3878968.250648 5240968.368385
#1060
1889452.595819 -4338732.323273 5050308.081210
#1059
1440997.413436 -4759204.164110 4813911.421992
#1586
1343434.312593 -4638516.092558 4155597.875978


#39012280501454
#1258
4350401.109036 -695168.303070 5337695.403534
#1193
4065598.150650 -1504205.913303 5395230.972610
#1128
3648790.197760 -2228408.375604 5442496.412885
#1063
3120992.868109 -2852332.546954 5479401.751907
#1062
2735705.040623 -3378197.124528 5385530.904056
#1061
2325642.244655 -3873468.225815 5242887.854368
#1060
1894518.072385 -4333660.599028 5052764.400389
#1059
1446236.851078 -4754606.670772 4816882.329560
#1586
1343771.631450 -4638418.382992 4155597.875978


#40012280501454
#1258
4349648.603347 -687793.431938 5339263.827756
#1193
4066586.805843 -1496808.874209 5396542.962364
#1128
3651487.913410 -2221406.351394 5443549.470723
#1063
3125265.838916 -2846125.356946 5480193.873273
#1062
2740283.685561 -3372314.558956 5386889.718390
#1061
2330485.098807 -3867963.558105 5244801.056038
#1060
1899581.278114 -4328583.680302 5055214.663144
#1059
1451474.555209 -4750003.478393 4819847.463441
#1586
1344108.943200 -4638320.648896 4155597.875978


#41012280501454
#1258
4348890.884014 -680417.736392 5340825.852146
#1193
4067570.586679 -1489410.040985 5397848.483627
#1128
3654181.252256 -2214401.664527 5444596.003727
#1063
3129535.063666 -2839914.755470 5480979.425883
#1062
2744859.045897 -3366427.951207 5388242.075806
#1061
2335325.159556 -3862454.254114 5246707.971101
#1060
1904642.206937 -4323501.573180 5057658.866537
#1059
1456710.519550 -4745394.592489 4822806.820080
#1586
1344446.247842 -4638222.890271 4155597.875978


#42012280501454
#1258
4348127.951944 -673041.225272 5342381.474830
#1193
4068549.491979 -1482009.422502 5399147.534837
#1128
3656870.211069 -2207394.323399 5445636.010644
#1063
3133800.537244 -2833700.749970 5481758.408794
#1062
2749431.116147 -3360537.308337 5389587.974682
#1061
2340162.421101 -3856940.320448 5248608.597273
#1060
1909700.852787 -4318414.283755 5060097.007640
#1059
1461944.737825 -4740780.018586 4825760.395930
#1586
1344783.545373 -4638125.107116 4155597.875978


#43012280501454
#1258
4347359.808052 -665663.907422 5343930.693945
#1193
4069523.520570 -1474607.027629 5400440.114435
#1128
3659554.786627 -2200384.336409 5446669.490226
#1063
3138062.254537 -2827483.347895 5482530.821074
#1062
2753999.890830 -3354642.637407 5390927.413405
#1061
2344996.877643 -3851421.763715 5250502.932274
#1060
1914757.209601 -4313321.818124 5062529.083529
#1059
1467177.203762 -4736159.762213 4828708.187451
#1586
1345120.835793 -4638027.299433 4155597.875978


#44012280501454
#1258
4346586.453260 -658285.791683 5345473.507633
#1193
4070492.671284 -1467202.865239 5401726.220872
#1128
3662234.975712 -2193371.711960 5447696.441235
#1063
3142320.210436 -2821262.556698 5483296.661796
#1062
2758565.364470 -3348743.945482 5392260.390369
#1061
2349828.523388 -3845898.590530 5252390.973835
#1060
1919811.271319 -4308224.182391 5064955.091289
#1059
1472407.911087 -4731533.828911 4831650.191109
#1586
1345458.119099 -4637929.467221 4155597.875978


#45012280501454
#1258
4345807.888493 -650906.886899 5347009.914045
#1193
4071456.942961 -1459796.944207 5403005.852607
#1128
3664910.775110 -2186356.458457 5448716.862441
#1063
3146574.399837 -2815038.383834 5484055.930042
#1062
2763127.531595 -3342841.239633 5393586.903977
#1061
2354657.352545 -3840370.807514 5254272.719692
#1060
1924863.031883 -4303121.382666 5067375.028013
#1059
1477636.853532 -4726902.224222 4834586.403378
#1586
1345795.395290 -4637831.610482 4155597.875978


#46012280501454
#1258
4345024.114686 -643527.201915 5348539.911340
#1193
4072416.334443 -1452389.273410 5404279.008105
#1128
3667582.181615 -2179338.584309 5449730.752619
#1063
3150824.817642 -2808810.836764 5484808.624903
#1062
2767686.386736 -3336934.526934 5394906.952639
#1061
2359483.359325 -3834838.421291 5256148.167590
#1060
1929912.485237 -4298013.425066 5069788.890800
#1059
1482864.024828 -4722264.953699 4837516.820739
#1586
1346132.664363 -4637733.729216 4155597.875978


#47012280501454
#1258
4344235.132777 -636146.745575 5350063.497683
#1193
4073370.844581 -1444979.861728 5405545.685841
#1128
3670249.192025 -2172318.097927 5450738.110555
#1063
3155071.458755 -2802579.922953 5485554.745476
#1062
2772241.924429 -3331023.814467 5396220.534772
#1061
2364306.537943 -3829301.438494 5258017.315280
#1060
1934959.625328 -4292900.315713 5072196.676757
#1059
1488089.418710 -4717622.022900 4840441.439680
#1586
1346469.926318 -4637635.823422 4155597.875978


#48012280501454
#1258
4343440.943712 -628765.526728 5351580.671249
#1193
4074320.472231 -1437568.718041 5406805.884297
#1128
3672911.803143 -2165295.007727 5451738.935041
#1063
3159314.318087 -2796345.649870 5486294.290866
#1062
2776794.139214 -3325109.109315 5397527.648802
#1061
2369126.882620 -3823759.865759 5259880.160522
#1060
1940004.446108 -4287782.060736 5074598.382997
#1059
1493313.028915 -4712973.437391 4843360.256693
#1586
1346807.181151 -4637537.893103 4155597.875978


#49012280501454
#1258
4342641.548443 -621383.554220 5353091.430219
#1193
4075265.216255 -1430155.851233 5408059.601961
#1128
3675570.011778 -2158269.322127 5452733.224878
#1063
3163553.390551 -2790108.024986 5487027.260187
#1062
2781343.025634 -3319190.418568 5398828.293162
#1061
2373944.387576 -3818213.709729 5261736.701084
#1060
1945046.941529 -4282658.666270 5076994.006641
#1059
1498534.849182 -4708319.202743 4846273.268282
#1586
1347144.428862 -4637439.938258 4155597.875978


#50012280501454
#1258
4341836.947929 -614000.836899 5354595.772781
#1193
4076205.075520 -1422741.270188 5409306.837332
#1128
3678223.814742 -2151241.049549 5453720.978873
#1063
3167788.671067 -2783867.055780 5487753.652562
#1062
2785888.578237 -3313267.749320 5400122.466293
#1061
2378759.047037 -3812662.977051 5263586.934740
#1060
1950087.105547 -4277530.138456 5079383.544819
#1059
1503754.873251 -4703659.324535 4849180.470955
#1586
1347481.669449 -4637341.958889 4155597.875978


#51012280501454
#1258
4341027.143134 -606617.383615 5356093.697133
#1193
4077140.048900 -1415324.983795 5410547.588914
#1128
3680873.208856 -2144210.198416 5454702.195843
#1063
3172020.154558 -2777622.749730 5488473.467118
#1062
2790430.791574 -3307341.108672 5401410.166644
#1061
2383570.855232 -3807107.674379 5265430.859272
#1060
1955124.932121 -4272396.483441 5081766.994666
#1059
1508973.094865 -4698993.808353 4852081.861226
#1586
1347818.902909 -4637243.954994 4155597.875978


#52012280501454
#1258
4340212.135028 -599233.203218 5357585.201480
#1193
4078070.135274 -1407907.000943 5411781.855220
#1128
3683518.190943 -2137176.777155 5455676.874612
#1063
3176247.835952 -2771375.114323 5489186.702994
#1062
2794969.660201 -3301410.503726 5402691.392672
#1061
2388379.806394 -3801547.808371 5267268.472470
#1060
1960160.415212 -4267257.707379 5084144.353325
#1059
1514189.507770 -4694322.659788 4854977.435618
#1586
1348156.129242 -4637145.926576 4155597.875978


#53012280501454
#1258
4339391.924588 -591848.304558 5359070.284033
#1193
4078995.333526 -1400487.330523 5413009.634770
#1128
3686158.757834 -2130140.794198 5456645.014012
#1063
3180471.710182 -2765124.157046 5489893.359334
#1062
2799505.178677 -3295475.941591 5403966.142840
#1061
2393185.894759 -3795983.385692 5269099.772132
#1060
1965193.548784 -4262113.816429 5086515.617947
#1059
1519404.105714 -4689645.884441 4857867.190660
#1586
1348493.348445 -4637047.873634 4155597.875978


#54012280501454
#1258
4338566.512798 -584462.696487 5360548.943013
#1193
4079915.642549 -1393065.981429 5414230.926093
#1128
3688794.906363 -2123102.257978 5457606.612881
#1063
3184691.772185 -2758869.885392 5490593.435291
#1062
2804037.341565 -3289537.429380 5405234.415621
#1061
2397989.114565 -3790414.413011 5270924.756062
#1060
1970224.326806 -4256964.816757 5088880.785689
#1059
1524616.882446 -4684963.487915 4860751.122888
#1586
1348830.560516 -4636949.796168 4155597.875978


#55012280501454
#1258
4337735.900647 -577076.387859 5362021.176647
#1193
4080831.061239 -1385642.962556 5415445.727726
#1128
3691426.633370 -2116061.176932 5458561.670067
#1063
3188908.016902 -2752612.306858 5491286.930026
#1062
2808566.143435 -3283594.974213 5406496.209494
#1061
2402789.460056 -3784840.897004 5272743.422073
#1060
1975252.743245 -4251810.714535 5091239.853716
#1059
1529827.831717 -4680275.475825 4863629.228847
#1586
1349167.765454 -4636851.694181 4155597.875978


#56012280501454
#1258
4336900.089130 -569689.387526 5363486.983171
#1193
4081741.588499 -1378218.282802 5416654.038211
#1128
3694053.935701 -2109017.559499 5459510.184427
#1063
3193120.439279 -2746351.428944 5491973.842708
#1062
2813091.578856 -3277648.583211 5407751.522948
#1061
2407586.925477 -3779262.844351 5274555.767985
#1060
1980278.792077 -4246651.515940 5093592.819201
#1059
1535036.947281 -4675581.853789 4866501.505085
#1586
1349504.963257 -4636753.567671 4155597.875978


#57012280501454
#1194
4142578.417195 -719735.109060 5497387.236695
#1129
3907472.176815 -1480574.713902 5517227.628435
#1064
3548088.919279 -2183661.600278 5526565.663806
#1063
3197329.034269 -2740087.259155 5492654.172514
#1062
2817613.642406 -3271698.263502 5409000.354477
#1061
2412381.505078 -3773680.261738 5276361.791625
#1060
1985302.467275 -4241487.227156 5095939.679324
#1059
1540244.222896 -4670882.627434 4869367.948160
#1586
1349842.153923 -4636655.416640 4155597.875978


#58012280501454
#1194
4143050.153823 -712198.497584 5498013.252344
#1129
3909693.916322 -1473339.581613 5517590.502922
#1064
3551941.679154 -2177137.692286 5526664.706377
#1063
3201533.796825 -2733819.805000 5493327.918628
#1062
2822132.328662 -3265744.022218 5410242.702584
#1061
2417173.193113 -3768093.155857 5278161.490830
#1060
1990323.762818 -4236317.854374 5098280.431270
#1059
1545449.652319 -4666177.802391 4872228.554637
#1586
1350179.337450 -4636557.241089 4155597.875978


#59012280501454
#1194
4143516.924442 -704661.032442 5498632.677877
#1129
3911910.969530 -1466102.683326 5517946.763826
#1064
3555790.181544 -2170611.174699 5526757.124490
#1063
3205734.721908 -2727549.073990 5493995.080242
#1062
2826647.632210 -3259785.866496 5411478.565781
#1061
2421961.983837 -3762501.533405 5279954.863441
#1060
1995342.672689 -4231143.403790 5100615.072235
#1059
1550653.229310 -4661467.384301 4875083.321086
#1586
1350516.513837 -4636459.041016 4155597.875978


#60012280501454
#1194
4143978.728494 -697122.722668 5499245.512553
#1129
3914123.333781 -1458864.027716 5518296.410722
#1064
3559634.421838 -2164082.055340 5526842.918034
#1063
3209931.804483 -2721275.073643 5494655.656558
#1062
2831159.547637 -3253823.803479 5412707.942587
#1061
2426747.871511 -3756905.401084 5281741.907309
#1060
2000359.190870 -4225963.881605 5102943.599421
#1059
1555854.947633 -4656751.378808 4877932.244086
#1586
1350853.683082 -4636360.816424 4155597.875978


#61012280501454
#1194
4144435.565424 -689583.577298 5499851.755636
#1129
3916331.006424 -1451623.623460 5518639.443191
#1064
3563474.395426 -2157550.342034 5526922.086907
#1063
3214125.039519 -2714997.811477 5495309.646782
#1062
2835668.069534 -3247857.840312 5413930.831526
#1061
2431530.850398 -3751304.765601 5283522.620292
#1060
2005373.311349 -4220779.294030 5105266.010035
#1059
1561054.801052 -4652029.791567 4880775.320221
#1586
1351190.845183 -4636262.567312 4155597.875978


#62012280501454
#1194
4144887.434686 -682043.605368 5500451.406399
#1129
3918533.984812 -1444381.479235 5518975.860820
#1064
3567310.097706 -2151016.042612 5526994.631012
#1063
3218314.421989 -2708717.295018 5495957.050131
#1062
2840173.192499 -3241887.984146 5415147.231134
#1061
2436310.914765 -3745699.633671 5285297.000256
#1060
2010385.028116 -4215589.647277 5107582.301295
#1059
1566252.783335 -4647302.628237 4883612.546085
#1586
1351528.000138 -4636164.293682 4155597.875978


#63012280501454
#1194
4145334.335737 -674502.815916 5501044.464125
#1129
3920732.266305 -1437137.603723 5519305.663208
#1064
3571141.524080 -2144479.164904 5527060.550264
#1063
3222499.946872 -2702433.531794 5496597.865830
#1062
2844674.911130 -3235914.242137 5416357.139953
#1061
2441088.058883 -3740090.012010 5287065.045074
#1060
2015394.335163 -4210394.947567 5109892.470424
#1059
1571448.888252 -4642569.894483 4886443.918275
#1586
1351865.147946 -4636065.995533 4155597.875978


#64012280501454
#1194
4145776.268042 -666961.217981 5501630.928102
#1129
3922925.848268 -1429892.005607 5519628.849958
#1064
3574968.669956 -2137939.716747 5527119.844583
#1063
3226681.609152 -2696146.529336 5497232.093109
#1062
2849173.220031 -3229936.621446 5417560.556533
#1061
2445862.277025 -3734475.907344 5288826.752626
#1060
2020401.226486 -4205195.201127 5112196.514653
#1059
1576643.109574 -4637831.595979 4889269.433399
#1586
1352202.288604 -4635967.672866 4155597.875978


#65012280501454
#1194
4146213.231071 -659418.820603 5502210.797627
#1129
3925114.728072 -1422644.693570 5519945.420684
#1064
3578791.530747 -2131397.705979 5527172.513899
#1063
3230859.403816 -2689856.295180 5497859.731210
#1062
2853668.113812 -3223955.129237 5418757.479430
#1061
2450633.563469 -3728857.326401 5290582.120801
#1060
2025405.696085 -4199990.414190 5114494.431220
#1059
1581835.441075 -4633087.738403 4892089.088070
#1586
1352539.422111 -4635869.325682 4155597.875978


#66012280501454
#1194
4146645.224301 -651875.632821 5502784.072005
#1129
3927298.903093 -1415395.676301 5520255.375005
#1064
3582610.101870 -2124853.140442 5527218.558148
#1063
3235033.325855 -2683562.836866 5498480.779379
#1062
2858159.587084 -3217969.772680 5419947.907211
#1061
2455401.912496 -3723234.275917 5292331.147496
#1060
2030407.737959 -4194780.592994 5116786.217371
#1059
1587025.876531 -4628338.327443 4894902.878908
#1586
1352876.548465 -4635770.953982 4155597.875978


#67012280501454
#1194
4147072.247213 -644331.663678 5503350.750550
#1129
3929478.370713 -1408144.962488 5520558.712551
#1064
3586424.378749 -2118306.027979 5527257.977274
#1063
3239203.370269 -2677266.161938 5499095.236872
#1062
2862647.634464 -3211980.558949 5421131.838448
#1061
2460167.318390 -3717606.762630 5294073.830612
#1060
2035407.346114 -4189565.743784 5119071.870359
#1059
1592214.409721 -4623583.368791 4897710.802540
#1586
1353213.667665 -4635672.557765 4155597.875978


#68012280501454
#1194
4147494.299296 -636786.922216 5503910.832581
#1129
3931653.128319 -1400892.560822 5520855.432957
#1064
3590234.356811 -2111756.376439 5527290.771232
#1063
3243369.532057 -2670966.277942 5499703.102952
#1062
2867132.250572 -3205987.495223 5422309.271722
#1061
2464929.775440 -3711974.793287 5295810.168062
#1060
2040404.514557 -4184345.872810 5121351.387444
#1059
1597401.034426 -4618822.868147 4900512.855600
#1586
1353550.779708 -4635574.137032 4155597.875978


#69012280501454
#1194
4147911.380044 -629241.417479 5504464.317427
#1129
3933823.173305 -1393638.479996 5521145.535869
#1064
3594040.031489 -2105204.193673 5527316.939981
#1063
3247531.806226 -2664663.192431 5500304.376892
#1062
2871613.430032 -3199990.588686 5423480.205623
#1061
2469689.277936 -3706338.374638 5297540.157765
#1060
2045399.237298 -4179120.986330 5123624.765894
#1059
1602585.744429 -4614056.831216 4903309.034730
#1586
1353887.884593 -4635475.691784 4155597.875978


#70012280501454
#1194
4148323.488957 -621695.158510 5505011.204426
#1129
3935988.503070 -1386382.728705 5521429.020937
#1064
3597841.398223 -2098649.487533 5527336.483490
#1063
3251690.187787 -2658356.912959 5500899.057970
#1062
2876091.167474 -3193989.846525 5424644.638746
#1061
2474445.820175 -3700697.513440 5299263.797646
#1060
2050391.508350 -4173891.090605 5125892.002984
#1059
1607768.533516 -4609285.263711 4906099.336578
#1586
1354224.982317 -4635377.222022 4155597.875978


#71012280501454
#1194
4148730.625540 -614148.154355 5505551.492921
#1129
3938149.115018 -1379125.315646 5521705.887823
#1064
3601638.452455 -2092092.265876 5527349.401735
#1063
3255844.671756 -2652047.447086 5501487.145473
#1062
2880565.457530 -3187985.275934 5425802.569695
#1061
2479199.396454 -3695052.216452 5300981.085640
#1060
2055381.321730 -4168656.191905 5128153.095996
#1059
1612949.395473 -4604508.171352 4908883.757800
#1586
1354562.072880 -4635278.727745 4155597.875978


#72012280501454
#1194
4149132.789307 -606600.414060 5506085.182265
#1129
3940305.006560 -1371866.249518 5521976.136195
#1064
3605431.189634 -2085532.536563 5527355.694702
#1063
3259995.253153 -2645734.802373 5502068.638697
#1062
2885036.294837 -3181976.884110 5426953.997084
#1061
2483950.001076 -3689402.490443 5302692.019688
#1060
2060368.671456 -4163416.296505 5130408.042220
#1059
1618128.324092 -4599725.559865 4911662.295059
#1586
1354899.156280 -4635180.208954 4155597.875978


#73012280501454
#1194
4149529.979775 -599051.946672 5506612.271818
#1129
3942456.175111 -1364605.539022 5522239.765729
#1064
3609219.605214 -2078970.307457 5527355.362382
#1063
3264141.927003 -2639418.986388 5502643.536944
#1062
2889503.674036 -3175964.678254 5428098.919531
#1061
2488697.628347 -3683748.342184 5304396.597740
#1060
2065353.551551 -4158171.410685 5132656.838954
#1059
1623305.313164 -4594937.434981 4914434.945023
#1586
1355236.232514 -4635081.665651 4155597.875978


#74012280501454
#1194
4149922.196467 -591502.761239 5507132.760949
#1129
3944602.618093 -1357343.192862 5522496.776108
#1064
3613003.694654 -2072405.586421 5527348.404776
#1063
3268284.688336 -2633100.006701 5503211.839526
#1062
2893967.589773 -3169948.665574 5429237.335664
#1061
2493442.272575 -3678089.778453 5306094.817752
#1060
2070335.956038 -4152921.540732 5134899.483501
#1059
1628480.356484 -4590143.802442 4917201.704369
#1586
1355573.301581 -4634983.097834 4155597.875978


#75012280501454
#1194
4150309.438914 -583952.866810 5507646.649033
#1129
3946744.332933 -1350079.219740 5522747.167025
#1064
3616783.453419 -2065838.381327 5527334.821893
#1063
3272423.532185 -2626777.870886 5503773.545762
#1062
2898428.036697 -3163928.853279 5430369.244119
#1061
2498183.928075 -3672426.806031 5307786.677689
#1060
2075315.878947 -4147666.692938 5137135.973174
#1059
1633653.447849 -4585344.667992 4919962.569782
#1586
1355910.363478 -4634884.505506 4155597.875978


#76012280501454
#1130
4116334.963894 -705840.935232 5518860.030765
#1129
3948881.317064 -1342813.628366 5522990.938180
#1064
3620558.876978 -2059268.700044 5527314.613748
#1063
3276558.453591 -2620452.586521 5504328.654977
#1062
2902885.009461 -3157905.248586 5431494.643540
#1061
2502922.589162 -3666759.431707 5309472.175523
#1060
2080293.314308 -4142406.873603 5139366.305292
#1059
1638824.581059 -4580540.037383 4922717.537951
#1586
1356247.418206 -4634785.888666 4155597.875978


#77012280501454
#1130
4118046.490748 -698467.272981 5518521.320844
#1129
3951013.567924 -1335546.427447 5523228.089280
#1064
3624329.960805 -2052696.550448 5527287.780366
#1063
3280689.447596 -2614124.161187 5504877.166507
#1062
2907338.502723 -3151877.858715 5432613.532576
#1061
2507658.250156 -3661087.662274 5311151.309233
#1060
2085268.256155 -4137142.089030 5141590.477182
#1059
1643993.749915 -4575729.916375 4925466.605574
#1586
1356584.465760 -4634687.247315 4155597.875978


#78012280501454
#1130
4119753.081564 -691092.773522 5518175.996227
#1129
3953141.082958 -1328277.625695 5523458.620041
#1064
3628096.700381 -2046121.940417 5527254.321779
#1063
3284816.509250 -2607792.602471 5505419.079694
#1062
2911788.511145 -3145846.690890 5433725.909887
#1061
2512390.905381 -3655411.504530 5312824.076808
#1060
2090240.698525 -4131872.345531 5143808.486177
#1059
1649160.948221 -4570914.310734 4928209.769358
#1586
1356921.506140 -4634588.581454 4155597.875978


#79012280501454
#1130
4121454.734296 -683717.445695 5517824.057326
#1129
3955263.859616 -1321007.231821 5523682.530187
#1064
3631859.091190 -2039544.877831 5527214.238028
#1063
3288939.633605 -2601457.917961 5505954.393888
#1062
2916235.029393 -3139811.752341 5434831.774140
#1061
2517120.549165 -3649730.965279 5314490.476241
#1060
2095210.635457 -4126597.649421 5146020.329619
#1059
1654326.169784 -4566093.226231 4930947.026012
#1586
1357258.539345 -4634489.891082 4155597.875978


#80012280501454
#1130
4123151.446905 -676341.298339 5517465.504563
#1129
3957381.895353 -1313735.254541 5523899.819449
#1064
3635617.128723 -2032965.370573 5527167.529159
#1063
3293058.815719 -2595120.115251 5506483.108449
#1062
2920678.052137 -3133773.050301 5435931.124009
#1061
2521847.175837 -3644046.051330 5316150.505536
#1060
2100178.060995 -4121318.007024 5148226.004857
#1059
1659489.408412 -4561266.668645 4933678.372257
#1586
1357595.565371 -4634391.176201 4155597.875978


#81012280501454
#1130
4124843.217357 -668964.340297 5517100.338369
#1129
3959495.187630 -1306461.702570 5524110.487567
#1064
3639370.808475 -2026383.426530 5527114.195229
#1063
3297174.050655 -2588779.201937 5507005.222742
#1062
2925117.574053 -3127730.592008 5437023.958177
#1061
2526570.779734 -3638356.769497 5317804.162702
#1060
2105142.969185 -4116033.424668 5150425.509247
#1059
1664650.657917 -4556434.643762 4936403.804818
#1586
1357932.584218 -4634292.436811 4155597.875978


#82012280501454
#1130
4126530.043624 -661586.580410 5516728.559181
#1129
3961603.733915 -1299186.584628 5524314.534289
#1064
3643120.125946 -2019799.053592 5527054.236303
#1063
3301285.333480 -2582435.185619 5507520.736141
#1062
2929553.589817 -3121684.384706 5438110.275332
#1061
2531291.355192 -3632663.126599 5319451.445758
#1060
2110105.354074 -4110743.908687 5152618.840153
#1059
1669809.912112 -4551597.157373 4939123.320429
#1586
1358269.595883 -4634193.672913 4155597.875978


#83012280501454
#1130
4128211.923685 -654208.027522 5516350.167445
#1129
3963707.531679 -1291909.909434 5524511.959369
#1064
3646865.076644 -2013212.259650 5526987.652451
#1063
3305392.659266 -2576088.073902 5508029.648029
#1062
2933986.094114 -3115634.435640 5439190.074174
#1061
2536008.896554 -3626965.129462 5321092.352729
#1060
2115065.209716 -4105449.465421 5154805.994945
#1059
1674967.164813 -4546754.215277 4941836.915830
#1586
1358606.600365 -4634094.884507 4155597.875978


#84012280501454
#1130
4129888.855523 -646828.690476 5515965.163614
#1129
3965806.578402 -1284631.685711 5524702.762572
#1064
3650605.656079 -2006623.052600 5526914.443755
#1063
3309496.023091 -2569737.874394 5508531.957795
#1062
2938415.081630 -3109580.752064 5440263.353409
#1061
2540723.398165 -3621262.784913 5322726.881648
#1060
2120022.530165 -4100150.101216 5156986.971003
#1059
1680122.409839 -4541905.823278 4944544.587769
#1586
1358943.597662 -4633996.071593 4155597.875978


#85012280501454
#1130
4131560.837129 -639448.578119 5515573.548150
#1129
3967900.871567 -1277351.922183 5524886.943668
#1064
3654341.859766 -2000031.440339 5526834.610300
#1063
3313595.420035 -2563384.594706 5509027.664838
#1062
2942840.547056 -3103523.341233 5441330.111748
#1061
2545434.854373 -3615556.099790 5324355.030556
#1060
2124977.309479 -4094845.822425 5159161.765711
#1059
1685275.641009 -4537051.987188 4947246.332999
#1586
1359280.587773 -4633897.234173 4155597.875978


#86012280501454
#1130
4133227.866497 -632067.699295 5515175.321521
#1129
3969990.408664 -1270070.627574 5525064.502437
#1064
3658073.683229 -1993437.430769 5526748.152184
#1063
3317690.845185 -2557028.242453 5509516.768563
#1062
2947262.485089 -3097462.210408 5442390.347915
#1061
2550143.259533 -3609845.080932 5325976.797502
#1060
2129929.541719 -4089536.635404 5161330.376463
#1059
1690426.852148 -4532192.712826 4949942.148282
#1586
1359617.570695 -4633798.372246 4155597.875978


#87012280501454
#1130
4134889.941631 -624686.062853 5514770.484206
#1129
3972075.187189 -1262787.810614 5525235.438665
#1064
3661801.121994 -1986841.031794 5526655.069510
#1063
3321782.293631 -2550668.825255 5509999.268384
#1062
2951680.890427 -3091397.366854 5443444.060638
#1061
2554848.607999 -3604129.735184 5327592.180541
#1060
2134879.220950 -4084222.546519 5163492.800659
#1059
1695576.037081 -4527328.006015 4952632.030388
#1586
1359954.546426 -4633699.485813 4155597.875978


#88012280501454
#1130
4136547.060538 -617303.677639 5514359.036690
#1129
3974155.204642 -1255503.480031 5525399.752149
#1064
3665524.171593 -1980242.251320 5526555.362389
#1063
3325869.760471 -2544306.350734 5510475.163722
#1062
2956095.757775 -3085328.817840 5444491.248654
#1061
2559550.894133 -3598410.069397 5329201.177738
#1060
2139826.341238 -4078903.562138 5165649.035709
#1059
1700723.189636 -4522457.872587 4955315.976092
#1586
1360291.514966 -4633600.574875 4155597.875978


#89012280501454
#1130
4138199.221232 -609920.552503 5513940.979466
#1129
3976230.458530 -1248217.644556 5525557.442691
#1064
3669242.827564 -1973641.097257 5526449.030941
#1063
3329953.240804 -2537940.826516 5510944.454008
#1062
2960507.081840 -3079256.570641 5445531.910708
#1061
2564250.112297 -3592686.090428 5330803.787163
#1060
2144770.896653 -4073579.688638 5167799.079026
#1059
1705868.303643 -4517582.318379 4957993.982177
#1586
1360628.476311 -4633501.639432 4155597.875978


#90012280501454
#1130
4139846.421731 -602536.696295 5513516.313034
#1129
3978300.946366 -1240930.312923 5525708.510102
#1064
3672957.085448 -1967037.577517 5526336.075294
#1063
3334032.729736 -2531572.260232 5511407.138678
#1062
2964914.857336 -3073180.632535 5446566.045552
#1061
2568946.256859 -3586957.805136 5332400.006896
#1060
2149712.881269 -4068250.932399 5169942.928035
#1059
1711011.372935 -4512701.349235 4960666.045432
#1586
1360965.430461 -4633402.679485 4155597.875978


#91012280501454
#1130
4141488.660063 -595152.117864 5513085.037905
#1129
3980366.665668 -1233641.493866 5525852.954201
#1064
3676666.940795 -1960431.700015 5526216.495582
#1063
3338108.222377 -2525200.659514 5511863.217179
#1062
2969319.078979 -3067101.010804 5447593.651947
#1061
2573639.322190 -3581225.220388 5333989.835024
#1060
2154652.289162 -4062917.299809 5172080.580165
#1059
1716152.391347 -4507814.971005 4963332.162656
#1586
1361302.377413 -4633303.695034 4155597.875978


#92012280501454
#1130
4143125.934258 -587766.826063 5512647.154595
#1129
3982427.613960 -1226351.196123 5525990.774814
#1064
3680372.389158 -1953823.472669 5526090.291949
#1063
3342179.713842 -2518826.032001 5512312.688963
#1062
2973719.741489 -3061017.712736 5448614.728662
#1061
2578329.302665 -3575488.343055 5335573.269640
#1060
2159589.114412 -4057578.797261 5174212.032854
#1059
1721291.352718 -4502923.189547 4965992.330652
#1586
1361639.317166 -4633204.686080 4155597.875978


#93012280501454
#1130
4144758.242354 -580380.829744 5512202.663628
#1129
3984483.788772 -1219059.428431 5526121.971778
#1064
3684073.426094 -1947212.903401 5525957.464547
#1063
3346247.199251 -2512448.385332 5512755.553491
#1062
2978116.839593 -3054930.745623 5449629.274472
#1061
2583016.192662 -3569747.180014 5337150.308847
#1060
2164523.351101 -4052235.431154 5176337.283547
#1059
1726428.250888 -4498026.010724 4968646.546232
#1586
1361976.249718 -4633105.652623 4155597.875978


#94012280501454
#1130
4146385.582394 -572994.137759 5511751.565538
#1129
3986535.187639 -1211766.199531 5526246.544933
#1064
3687770.047168 -1940600.000134 5525818.013534
#1063
3350310.673728 -2506067.727153 5513191.810234
#1062
2982510.368019 -3048840.116760 5450637.288161
#1061
2587699.986564 -3564001.738146 5338720.950755
#1060
2169454.993315 -4046887.207892 5178456.329697
#1059
1731563.079699 -4493123.440407 4971294.806214
#1586
1362313.175068 -4633006.594665 4155597.875978


#95012280501454
#1130
4148007.952428 -565606.758963 5511293.860865
#1129
3988581.808102 -1204471.518165 5526364.494132
#1064
3691462.247948 -1933984.770794 5525671.939078
#1063
3354370.132403 -2499684.065111 5513621.458667
#1062
2986900.321501 -3042745.833449 5451638.768521
#1061
2592380.678756 -3558252.024338 5340285.193481
#1060
2174384.035143 -4041534.133886 5180569.168764
#1059
1736695.832996 -4488215.484470 4973937.107425
#1058
1283279.844452 -4894250.860610 4722260.301407
#1586
1362650.093212 -4632907.512204 4155597.875978


#96012280501454
#1130
4149625.350512 -558218.702211 5510829.550158
#1129
3990623.647709 -1197175.393076 5526475.819233
#1064
3695150.024010 -1927367.223311 5525519.241353
#1063
3358425.570410 -2493297.406859 5514044.498276
#1062
2991286.694778 -3036647.902993 5452633.714352
#1061
2597058.263627 -3552498.045482 5341843.035149
#1060
2179310.470676 -4036176.215553 5182675.798216
#1059
1741826.504628 -4483302.148798 4976573.446696
#1058
1288568.288025 -4889826.603528 4725402.475401
#1586
1362987.004151 -4632808.405242 4155597.875978


#97012280501454
#1130
4151237.774706 -550829.976357 5510358.633973
#1129
3992660.704011 -1189877.833010 5526580.520101
#1064
3698833.370933 -1920747.365616 5525359.920544
#1063
3362476.982887 -2486907.760051 5514460.928555
#1062
2995669.482592 -3030546.332703 5453622.124461
#1061
2601732.735571 -3546739.808474 5343394.473894
#1060
2184234.294009 -4030813.459314 5184776.215526
#1059
1746955.088444 -4478383.439280 4979203.820868
#1058
1293855.187074 -4885396.485324 4728538.985359
#1586
1363323.907881 -4632709.273780 4155597.875978


#98012280501454
#1130
4152845.223077 -543440.590259 5509881.112876
#1129
3994692.974566 -1182578.846713 5526678.596613
#1064
3702512.284302 -1914125.205645 5525193.976840
#1063
3366524.364979 -2480515.132346 5514870.749003
#1062
3000048.679689 -3024441.129891 5454603.997663
#1061
2606404.088986 -3540977.320218 5344939.507854
#1060
2189155.499241 -4025445.871598 5186870.418178
#1059
1752081.578297 -4473459.361810 4981828.226788
#1058
1299140.535262 -4880960.511309 4731669.827521
#1586
1363660.804401 -4632610.117818 4155597.875978


#99012280501454
#1066
4273997.992722 -727727.153696 5394774.819025
#1065
4008242.006365 -1323607.349075 5484733.412290
#1064
3706186.759706 -1907500.751335 5525021.410441
#1063
3370567.711835 -2474119.531407 5515273.959129
#1062
3004424.280820 -3018332.301876 5455579.332782
#1061
2611072.318271 -3535210.587619 5346478.135179
#1060
2194074.080473 -4020073.458839 5188958.403662
#1059
1757205.968042 -4468529.922293 4984446.661311
#1058
1304424.326254 -4876518.686801 4734794.998135
#1586
1363997.693709 -4632510.937356 4155597.875978


#100012280501454
#1066
4276833.414319 -720825.625849 5393454.121737
#1065
4011509.529278 -1316812.446954 5483980.057956
#1064
3709856.792743 -1900874.010626 5524842.221554
#1063
3374607.018607 -2467720.964900 5515670.558451
#1062
3008796.280740 -3012219.855980 5456548.128647
#1061
2615737.417831 -3529439.617590 5348010.354024
#1060
2198990.031809 -4014696.227476 5191040.169474
#1059
1762328.251537 -4463595.126635 4987059.121297
#1058
1309706.553716 -4872071.017122 4737914.493453
#1586
1364334.575804 -4632411.732395 4155597.875978


#101012280501454
#1066
4279663.709550 -713923.233995 5392126.959663
#1065
4014772.243853 -1310015.966455 5483220.130327
#1064
3713522.379013 -1894244.991461 5524656.410393
#1063
3378642.280455 -2461319.440494 5516060.546492
#1062
3013164.674210 -3006103.799529 5457510.384099
#1061
2620399.382075 -3523664.417048 5349536.162552
#1060
2203903.347357 -4009314.183954 5193115.713120
#1059
1767448.422643 -4458654.980752 4989665.603616
#1058
1314987.211317 -4867617.507605 4741028.309737
#1586
1364671.450684 -4632312.502936 4155597.875978


#102012280501454
#1066
4282488.875023 -707019.986408 5390793.334392
#1065
4018030.146178 -1303217.915724 5482453.630314
#1064
3717183.514122 -1887613.701787 5524463.977181
#1063
3382673.492541 -2454914.965863 5516443.922786
#1062
3017529.455993 -2999984.139854 5458466.097984
#1061
2625058.205415 -3517884.992916 5351055.558934
#1060
2208814.021228 -4003927.334725 5195185.032111
#1059
1772566.475222 -4453709.490566 4992266.105143
#1058
1320266.292727 -4863158.163587 4744136.443255
#1586
1365008.318347 -4632213.248979 4155597.875978


#103012280501454
#1066
4285308.907352 -700115.891361 5389453.247523
#1065
4021283.232348 -1296418.302909 5481680.558836
#1064
3720840.193681 -1880980.149551 5524264.922148
#1063
3386700.650034 -2448507.548682 5516820.686873
#1062
3021890.620856 -2993860.884291 5459415.269156
#1061
2629713.882265 -3512101.352122 5352568.541350
#1060
2213722.047535 -3998535.686245 5197248.123968
#1059
1777682.403139 -4448758.662004 4994860.622761
#1058
1325543.791619 -4858692.990414 4747238.890282
#1586
1365345.178791 -4632113.970524 4155597.875978


#104012280501454
#1066
4288123.803156 -693210.957129 5388106.700663
#1065
4024531.498464 -1289617.136161 5480900.916819
#1064
3724492.413309 -1874344.342705 5524059.245535
#1063
3390723.748106 -2442097.196633 5517190.838301
#1062
3026248.163574 -2987734.040180 5460357.896477
#1061
2634366.407047 -3506313.501596 5354075.107985
#1060
2218627.420395 -3993139.244977 5199304.986217
#1059
1782796.200262 -4443802.501001 4997449.153361
#1058
1330819.701666 -4854221.993437 4750335.647098
#1586
1365682.032014 -4632014.667572 4155597.875978


#105012280501454
#1066
4290933.559061 -686305.191991 5386753.695425
#1065
4027774.940633 -1282814.423632 5480114.705198
#1064
3728140.168626 -1867706.289203 5523846.947585
#1063
3394742.781935 -2435683.917399 5517554.376626
#1062
3030602.078922 -2981603.614863 5461293.978818
#1061
2639015.774182 -3500521.448278 5355575.257035
#1060
2223530.133930 -3987738.017389 5201355.616393
#1059
1787907.860462 -4438841.013497 5000031.693839
#1058
1336094.016545 -4849745.178016 4753426.709991
#1586
1366018.878015 -4631915.340124 4155597.875978


#106012280501454
#1066
4293738.171700 -679398.604222 5385394.233431
#1065
4031013.554966 -1276010.173475 5479321.924916
#1064
3731783.455261 -1861065.997002 5523628.028556
#1063
3398757.746704 -2429267.718666 5517911.301413
#1062
3034952.361682 -2975469.615689 5462223.515056
#1061
2643661.978099 -3494725.199110 5357068.986700
#1060
2228430.182261 -3982332.009956 5203400.012037
#1059
1793017.377611 -4433874.205440 5002608.241100
#1058
1341366.729935 -4845262.549517 4756512.075258
#1586
1366355.716791 -4631815.988180 4155597.875978


#107012280501454
#1066
4296537.637710 -672491.202102 5384028.316311
#1065
4034247.337582 -1269204.393847 5478522.576922
#1064
3735422.268847 -1854423.474060 5523402.488707
#1063
3402768.637600 -2422848.608127 5518261.612235
#1062
3039299.006640 -2969332.050011 5463146.504077
#1061
2648305.013228 -3488924.761039 5358556.295190
#1060
2233327.559516 -3976921.229157 5205438.170701
#1059
1798124.745586 -4428902.082782 5005178.792055
#1058
1346637.835514 -4840774.113313 4759591.739198
#1586
1366692.548342 -4631716.611741 4155597.875978


#108012280501454
#1066
4299331.953737 -665582.993910 5382655.945701
#1065
4037476.284605 -1262397.092905 5477716.662175
#1064
3739056.605022 -1847778.728339 5523170.328311
#1063
3406775.449816 -2416426.593474 5518605.308670
#1062
3043642.008585 -2963190.925186 5464062.944776
#1061
2652944.874004 -3483120.141018 5360037.180723
#1060
2238222.259825 -3971505.681478 5207470.089940
#1059
1803229.958264 -4423924.651483 5007743.343625
#1058
1351907.326964 -4836279.874784 4762665.698122
#1586
1367029.372665 -4631617.210807 4155597.875978


#109012280501454
#1066
4302121.116430 -658673.987926 5381277.123248
#1065
4040700.392165 -1255588.278809 5476904.181641
#1064
3742686.459430 -1841131.767805 5522931.547646
#1063
3410778.178549 -2410001.682406 5518942.390307
#1062
3047981.362311 -2957046.248574 5464972.836053
#1061
2657581.554865 -3477311.346004 5361511.641524
#1060
2243114.277321 -3966085.373410 5209495.767318
#1059
1808333.009526 -4418941.917510 5010301.892733
#1058
1357175.197970 -4831779.839316 4765733.948343
#1586
1367366.189758 -4631517.785378 4155597.875978


#110012280501454
#1066
4304905.122447 -651764.192432 5379891.850604
#1065
4043919.656396 -1248777.959719 5476085.136293
#1064
3746311.827720 -1834482.600425 5522686.146996
#1063
3414776.819001 -2403573.882624 5519272.856743
#1062
3052317.062618 -2950898.027540 5465876.176818
#1061
2662215.050253 -3471498.382960 5362979.675825
#1060
2248003.606139 -3960660.311450 5211515.200409
#1059
1813433.893256 -4413953.886835 5012854.436315
#1058
1362441.442218 -4827274.012304 4768796.486186
#1586
1367702.999620 -4631418.335456 4155597.875978


#111012280501454
#1066
4307683.968451 -644853.615711 5378500.129428
#1065
4047134.073440 -1241966.143800 5475259.527114
#1064
3749932.705546 -1827831.234168 5522434.126658
#1063
3418771.366379 -2397143.201832 5519596.707581
#1062
3056649.104309 -2944746.269454 5466772.965989
#1061
2666845.354616 -3465681.258854 5364441.281866
#1060
2252890.240420 -3955230.502101 5213528.386791
#1059
1818532.603338 -4408960.565437 5015400.971310
#1058
1367706.053394 -4822762.399149 4771853.307978
#1586
1368039.802249 -4631318.861041 4155597.875978


#112012280501454
#1066
4310457.651110 -637942.266044 5377101.961389
#1065
4050343.639445 -1235152.839215 5474427.355093
#1064
3753549.088569 -1821177.677007 5522175.486932
#1063
3422761.815896 -2390709.647738 5519913.942432
#1062
3060977.482190 -2938590.981690 5467663.202489
#1061
2671472.462402 -3459859.980659 5365896.457896
#1060
2257774.174306 -3949795.951871 5215535.324051
#1059
1823629.133663 -4403961.959301 5017941.494665
#1058
1372969.025189 -4818245.005258 4774904.410057
#1586
1368376.597643 -4631219.362132 4155597.875978


#113012280501454
#1066
4313226.167101 -631030.151717 5375697.348164
#1065
4053548.350562 -1228338.054133 5473588.621227
#1064
3757160.972454 -1814521.936917 5521910.228129
#1063
3426748.162768 -2384273.228055 5520224.560917
#1062
3065302.191075 -2932432.171625 5468546.885253
#1061
2676096.368065 -3454034.555352 5367345.202171
#1060
2262655.401943 -3944356.667274 5217536.009784
#1059
1828723.478120 -4398958.074419 5020476.003337
#1058
1378230.351294 -4813721.836046 4777949.788763
#1586
1368713.385801 -4631119.838732 4155597.875978


#114012280501454
#1066
4315989.513104 -624117.281015 5374286.291435
#1065
4056748.202952 -1221521.796720 5472743.326521
#1064
3760768.352871 -1807864.021876 5521638.350567
#1063
3430730.402216 -2377833.950496 5520528.562663
#1062
3069623.225778 -2926269.846643 5469424.013221
#1061
2680717.066064 -3448204.989915 5368787.512953
#1060
2267533.917480 -3938912.654830 5219530.441591
#1059
1833815.630604 -4393948.916788 5023004.494286
#1058
1383490.025403 -4809192.896935 4780989.440449
#1586
1369050.166720 -4631020.290840 4155597.875978


#115012280501454
#1066
4318747.685808 -617203.662224 5372868.792895
#1065
4059943.192778 -1214704.075147 5471891.471990
#1064
3764371.225496 -1801203.939865 5521359.854571
#1063
3434708.529469 -2371391.822780 5520825.947306
#1062
3073940.581121 -2920104.014128 5470294.585341
#1061
2685334.550859 -3442371.291336 5370223.388515
#1060
2272409.715070 -3933463.921064 5221518.617082
#1059
1838905.585010 -4388934.492412 5025526.964482
#1058
1388748.041211 -4804658.193353 4784023.361469
#1586
1369386.940398 -4630920.718457 4155597.875978


#116012280501454
#1066
4321500.681906 -610289.303630 5371444.854242
#1065
4063133.316211 -1207884.897587 5471033.058654
#1064
3767969.586011 -1794541.698866 5521074.740476
#1063
3438682.539757 -2364946.852629 5521116.714489
#1062
3078254.251929 -2913934.681473 5471158.600570
#1061
2689948.816916 -3436533.466607 5371652.827134
#1060
2277282.788869 -3928010.472508 5223500.533875
#1059
1843993.335239 -4383914.807302 5028043.410901
#1058
1394004.392416 -4800117.730736 4787051.548187
#1586
1369723.706835 -4630821.121583 4155597.875978


#117012280501454
#1066
4324248.498099 -603374.213521 5370014.477182
#1065
4066318.569426 -1201064.272213 5470168.087541
#1064
3771563.430103 -1787877.306865 5520783.008623
#1063
3442652.428317 -2358499.047768 5521400.863865
#1062
3082564.233031 -2907761.856071 5472016.057873
#1061
2694559.858704 -3430691.522727 5373075.827098
#1060
2282153.133034 -3922552.315698 5225476.189592
#1059
1849078.875191 -4378889.867476 5030553.830528
#1058
1399259.072717 -4795571.514526 4790073.996974
#1586
1370060.466028 -4630721.500220 4155597.875978


#118012280501454
#1066
4326991.131093 -596458.400187 5368577.663431
#1065
4069498.948607 -1194242.207200 5469296.559690
#1064
3775152.753465 -1781210.771851 5520484.659362
#1063
3446618.190390 -2352048.415925 5521678.395091
#1062
3086870.519261 -2901585.545321 5472866.956221
#1061
2699167.670697 -3424845.466697 5374492.386701
#1060
2287020.741729 -3917089.457176 5227445.581867
#1059
1854162.198771 -4373859.678955 5033058.220353
#1058
1404512.075817 -4791019.550172 4793090.704207
#1586
1370397.217976 -4630621.854366 4155597.875978


#119012280501454
#1066
4329728.577600 -589541.871916 5367134.414710
#1065
4072674.449940 -1187418.710725 5468418.476143
#1064
3778737.551792 -1774542.101814 5520179.693050
#1063
3450579.821224 -2345594.964833 5521949.307836
#1062
3091173.105458 -2895405.756627 5473711.294595
#1061
2703772.247370 -3418995.305525 5375902.504245
#1060
2291885.609120 -3911621.903491 5229408.708338
#1059
1859243.299886 -4368824.247769 5035556.577374
#1058
1409763.395418 -4786461.843130 4796101.666270
#1586
1370733.962676 -4630522.184024 4155597.875978

