time: 20975426710
route: 1069 1004 939 874 875 876 877 878 879 880 881 882 883 884 885 886 887 88 889 890

time: 19020975426710
route: 1068 1003 938 873 874 875 876 877 878 879 880 881 882 883 884 885 886 887 888 889 890

time: 55020975426710
route: 1068 1003 938 873 808 809 810 811 812 813 814 815 816 817 818 819 820 821 822 823 824 825

time: 68020975426710
route: 1068 1003 938 873 874 875 876 877 878 879 880 881 882 883 884 885 886 887 888 889

time: 109020975426710
route: 1067 1002 937 872 873 874 875 876 877 878 879 880 881 882 883 884 885 886 887 888 889

