#0
#1133
4347000.852199 662233.239672 5344648.887181
#1198
4069974.774934 1471164.368996 5401038.949202
#1263
3660801.599532 2197123.848114 5447147.826608
#1328
3140042.639107 2824591.149461 5482887.748530
#1393
2527813.364590 3342190.300474 5508190.681995
#1458
1843253.044286 3741528.664820 5523008.461433
#1523
1104532.432303 4016100.276217 5527312.880357
#17
329314.439416 4160444.059696 5521095.745061
#82
-464476.435639 4169703.318122 5504368.890216
#147
-1257761.126310 4039672.109670 5477164.156341
#212
-2029493.123223 3767343.337606 5439533.329192
#277
-2756123.211519 3351900.291250 5391548.041188
#1586
-2989423.915501 2978882.245300 4772760.859510


#1000000000000
#1133
4347771.419234 669610.929635 5343102.646310
#1198
4069003.014373 1478567.586855 5399749.379381
#1263
3658119.063250 2204135.062547 5446117.382607
#1328
3135782.670198 2830810.128378 5482118.391859
#1393
2522204.204755 3347259.365317 5507683.877168
#1458
1836604.580242 3745155.465097 5522765.173180
#1523
1097217.434751 4018076.466049 5527333.571792
#17
321745.560744 4160658.545094 5521380.376797
#82
-471872.321069 4168149.135007 5504916.920440
#147
-1264569.458447 4036446.457424 5477974.541846
#212
-2035337.228097 3762640.794010 5440604.527364
#277
-2760687.148336 3345999.732002 5392878.012940
#1586
-2989640.538026 2978664.840381 4772760.859510


#2000000000000
#1324
4355258.928011 524357.837707 5353224.217984
#1325
4102346.122114 1123075.810060 5459825.823159
#1326
3812281.834470 1711623.033965 5516982.400205
#1327
3487692.932188 2284669.534623 5524176.330308
#1392
2992595.773766 2897554.794834 5527095.778596
#1457
2399195.536122 3417497.156523 5519494.085930
#1458
1829953.914777 3748777.776296 5522515.265143
#1523
1089901.122036 4020047.839670 5527347.637968
#17
314176.296415 4160868.043377 5521658.390409
#82
-479267.640896 4166589.955799 5505458.352274
#147
-1271376.274826 4033215.966949 5478778.361255
#212
-2041178.893343 3757933.740378 5441669.204233
#277
-2765247.776094 3340095.162119 5394201.520596
#1586
-2989857.144741 2978447.419710 4772760.859510


#3000000000000
#1324
4352570.495971 531280.693394 5354727.995186
#1325
4099216.753825 1129912.388640 5460765.605586
#1326
3808739.869977 1718311.422323 5517349.677042
#1327
3483770.448069 2291149.161678 5523967.775440
#1392
2987267.608567 2902942.050598 5527151.226959
#1457
2392762.898057 3421488.914182 5519813.431975
#1458
1823301.055864 3752395.594076 5522258.737622
#1523
1082583.502925 4022014.394719 5527355.078866
#17
306606.655504 4161072.554295 5521929.785564
#82
-486662.386255 4165025.782368 5505993.185068
#147
-1278181.567288 4029980.642116 5479575.613605
#212
-2047018.111959 3753222.182353 5442727.358522
#277
-2769805.089328 3334186.588678 5395518.562568
#1586
-2990073.735643 2978229.983287 4772760.859510


#4000000000000
#1324
4349876.846785 538202.912269 5356225.354019
#1325
4096082.472069 1136747.612866 5461698.842544
#1326
3805193.340192 1724997.751051 5517710.340587
#1327
3479843.788178 2297626.042480 5523752.599347
#1392
2981935.862722 2908325.826791 5527200.050282
#1457
2386327.391941 3425476.570721 5520126.161775
#1458
1816646.011478 3756008.914100 5521995.590924
#1523
1075264.586191 4023976.128837 5527355.894479
#17
299036.647083 4161272.077602 5522194.561936
#82
-494056.548283 4163456.616587 5506521.418182
#147
-1284985.327676 4026740.486805 5480366.297939
#212
-2052854.876946 3748506.125581 5443778.988964
#277
-2774359.082573 3328274.018761 5396829.137279
#1586
-2990290.310733 2978012.531114 4772760.859510


#5000000000000
#1324
4347177.983680 545124.486035 5357716.292688
#1325
4092943.280602 1143581.474546 5462625.532915
#1326
3801642.249366 1731682.012136 5518064.390407
#1327
3475912.957222 2304100.169265 5523530.802286
#1392
2976600.542622 2913706.116961 5527242.248504
#1457
2379889.025488 3429460.121362 5520432.274953
#1458
1809988.789594 3759617.732038 5521725.825364
#1523
1067944.380607 4025933.039673 5527350.084806
#17
291466.280226 4161466.613060 5522452.719207
#82
-501450.118118 4161882.460338 5507043.050982
#147
-1291787.547834 4023495.504899 5481150.413309
#212
-2058689.181307 3743785.575715 5444824.094297
#277
-2778909.750373 3322357.459457 5398133.243157
#1586
-2990506.870008 2977795.063191 4772760.859510


#6000000000000
#1324
4344473.909892 552045.406395 5359200.809407
#1325
4089799.183186 1150413.965488 5463545.675587
#1326
3798086.601756 1738364.197564 5518411.826077
#1327
3471977.959912 2310571.534274 5523302.384524
#1392
2971261.654662 2919082.914658 5527277.821576
#1457
2373447.806415 3433439.561329 5520731.771144
#1458
1803329.398193 3763222.043563 5521449.441266
#1523
1060622.894946 4027885.124881 5527337.649853
#17
283895.564007 4161656.160435 5522704.257069
#82
-508843.086896 4160303.315508 5507558.082843
#147
-1298588.219610 4020245.700286 5481927.958777
#212
-2064521.018050 3739060.538414 5445862.673269
#277
-2783457.087272 3316436.917855 5399430.878639
#1586
-2990723.413468 2977577.579521 4772760.859510


#7000000000000
#1324
4341764.628662 558965.665054 5360678.902396
#1325
4086650.183590 1157245.077503 5464459.269457
#1326
3794526.401623 1745044.299326 5518752.647182
#1327
3468038.800965 2317040.129748 5523067.346334
#1392
2965919.205242 2924456.213438 5527306.769455
#1457
2367003.742442 3437414.885853 5521024.649989
#1458
1796667.845257 3766821.844355 5521166.438961
#1523
1053300.137985 4029832.382122 5527318.589635
#17
276324.507501 4161840.719499 5522949.175221
#82
-516235.445757 4158719.183990 5508066.513148
#147
-1305387.334851 4016991.076864 5482698.933409
#212
-2070350.380184 3734331.019342 5446894.724635
#277
-2788001.087819 3310512.401054 5400722.042171
#1586
-2990939.941112 2977360.080104 4772760.859510


#8000000000000
#1324
4339050.143237 565885.253716 5362150.569883
#1325
4083496.285590 1164074.802402 5465366.313431
#1326
3790961.653235 1751722.309416 5519086.853312
#1327
3464095.485103 2323505.947935 5522825.687997
#1392
2960573.200764 2929826.006860 5527329.092106
#1457
2360556.841294 3441386.090168 5521310.911135
#1458
1790004.138771 3770417.130100 5520876.818788
#1523
1045976.118500 4031774.809062 5527292.904175
#17
268753.119782 4162020.290033 5523187.473367
#82
-523627.185840 4157130.067681 5508568.341287
#147
-1312184.885408 4013731.638532 5483463.336283
#212
-2076177.260722 3729597.024166 5447920.247158
#277
-2792541.746569 3304583.916154 5402006.732203
#1586
-2991156.452938 2977142.564940 4772760.859510


#9000000000000
#1324
4336330.456872 572804.164089 5363615.810105
#1325
4080337.492964 1170903.132000 5466266.806421
#1326
3787392.360864 1758398.219829 5519414.444066
#1327
3460148.017052 2329968.981085 5522577.409804
#1392
2955223.647638 2935192.288488 5527344.789502
#1457
2354107.110698 3445353.169514 5521590.554241
#1458
1783338.286721 3774007.896488 5520580.581094
#1523
1038650.845271 4033712.403373 5527260.593503
#17
261181.409926 4162194.871820 5523419.151224
#18
-397415.496187 4158289.315368 5518236.302759
#83
-1170306.781692 3998098.231011 5526828.527457
#148
-1902988.842765 3708686.172909 5524900.119929
#213
-2578158.650761 3296389.174477 5512454.751007
#1586
-2991372.948945 2976925.034033 4772760.859510


#10000000000000
#1324
4333605.572826 579722.387877 5365074.621305
#1325
4077173.809500 1177730.058111 5467160.747348
#1326
3783818.528790 1765072.022563 5519735.419053
#1327
3456196.401543 2336429.221450 5522322.512051
#1392
2949870.552275 2940555.051890 5527353.861626
#1457
2347654.558384 3449316.119137 5521863.578970
#1458
1776670.297098 3777594.139216 5520277.726236
#1523
1031324.327078 4035645.162731 5527221.657660
#17
253609.387009 4162364.464651 5523644.208512
#18
-404980.019406 4158024.973954 5517885.509854
#83
-1177608.145627 3996074.010308 5526741.586097
#148
-1909614.854750 3705014.721840 5525077.195612
#213
-2583737.209371 3291280.323152 5512895.506659
#1586
-2991589.429133 2976707.487382 4772760.859510


#11000000000000
#1324
4330875.494365 586639.916790 5366527.001734
#1325
4074005.238990 1184555.572553 5468048.135141
#1326
3780240.161295 1771743.709619 5520049.777888
#1327
3452240.643314 2342886.661288 5522060.995046
#1392
2944513.921091 2945914.290636 5527356.308465
#1457
2341199.192088 3453274.934286 5522129.984996
#1458
1770000.177895 3781175.853983 5519968.254574
#1523
1023996.572702 4037573.084820 5527176.096691
#17
246037.060106 4162529.068323 5523862.644963
#18
-412544.057201 4157755.648582 5517528.103014
#83
-1184908.098039 3994044.999767 5526648.020187
#148
-1916238.577802 3701338.829808 5525247.648739
#213
-2589312.671021 3286167.526781 5513329.654358
#1586
-2991805.893499 2976489.924988 4772760.859510


#12000000000000
#1324
4328140.224762 593556.742535 5367972.949652
#1325
4070831.785231 1191379.667144 5468928.968735
#1326
3776657.262669 1778413.272998 5520357.520193
#1327
3448280.747106 2349341.292858 5521792.859100
#1392
2939153.760507 2951269.998305 5527352.130017
#1457
2334741.019547 3457229.610216 5522389.772000
#1458
1763327.937106 3784753.036498 5519652.166481
#1523
1016667.590928 4039496.167330 5527123.910650
#17
238464.438295 4162688.682639 5524074.460314
#18
-420107.600506 4157481.339576 5517164.082667
#83
-1192206.630178 3992011.201821 5526547.829839
#148
-1922860.003982 3697658.501219 5525411.479107
#213
-2594885.029029 3281050.791492 5513757.193582
#1586
-2992022.342044 2976272.346853 4772760.859510


#13000000000000
#1324
4325399.767294 600472.856821 5369412.463325
#1325
4067653.452027 1198202.333705 5469803.247076
#1326
3773069.837206 1785080.704709 5520658.645601
#1327
3444316.717665 2355793.108424 5521518.104536
#1392
2933790.076949 2956622.168475 5527341.326287
#1457
2328280.048502 3461180.142187 5522642.939669
#1458
1756653.582729 3788325.682472 5519329.462336
#1523
1009337.390540 4041414.407955 5527065.099601
#17
230891.530652 4162843.307407 5524279.654312
#18
-427670.640255 4157202.047263 5516793.449251
#83
-1199503.733295 3989972.618908 5526441.015172
#148
-1929479.125353 3693973.740483 5525568.686519
#213
-2600454.276714 3275930.123418 5514178.123819
#1586
-2992238.774765 2976054.752979 4772760.859510


#14000000000000
#1324
4322654.125248 607388.251360 5370845.541028
#1325
4064470.243188 1205023.564058 5470670.969114
#1326
3769477.889206 1791745.996757 5520953.153749
#1327
3440348.559742 2362242.100251 5521236.731682
#1392
2928422.876845 2961970.794733 5527323.897287
#1457
2321816.286697 3465126.525464 5522889.487701
#1458
1749977.122765 3791893.787624 5519000.142524
#1523
1002005.980323 4043327.804396 5526999.663614
#17
223318.346253 4162992.942443 5524478.226711
#18
-435233.167383 4156917.771980 5516416.203207
#83
-1206799.398644 3987929.253470 5526327.576316
#148
-1936095.933982 3690284.552019 5525719.270787
#213
-2606020.407402 3270805.528696 5514592.444565
#1586
-2992455.191661 2975837.143365 4772760.859510


#15000000000000
#1324
4319903.301914 614302.917861 5372272.181044
#1325
4061282.162530 1211843.350026 5471532.133810
#1326
3765881.422976 1798409.141155 5521241.044285
#1327
3436376.278095 2368688.260611 5520948.740877
#1392
2923052.166628 2967315.870666 5527299.843040
#1457
2315349.741879 3469068.755315 5523129.415800
#1458
1743298.565215 3795457.347676 5518664.207441
#1523
994673.369066 4045236.354360 5526927.602768
#17
215744.894178 4163137.587565 5524670.177272
#18
-442795.172825 4156628.514066 5516032.344990
#83
-1214093.617480 3985881.107958 5526207.513406
#148
-1942710.421936 3686590.940248 5525863.231730
#213
-2611583.414421 3265677.013471 5515000.155323
#1586
-2992671.592732 2975619.518014 4772760.859510


#16000000000000
#1324
4317147.300589 621216.848036 5373692.381662
#1325
4058089.213873 1218661.683435 5472386.740132
#1326
3762280.442825 1805070.129915 5521522.316864
#1327
3432399.877484 2375131.581776 5520654.132465
#1392
2917677.952736 2972657.389868 5527269.163572
#1457
2308880.421801 3473006.827017 5523362.723678
#1458
1736617.918085 3799016.358356 5518321.657490
#1523
987339.565559 4047140.055559 5526848.917148
#17
208171.183503 4163277.242602 5524855.505766
#18
-450356.647516 4156334.273868 5515641.875060
#83
-1221386.381060 3983828.184826 5526080.826585
#148
-1949322.581288 3682892.909596 5526000.569175
#213
-2617143.291102 3260544.583887 5515401.255604
#1586
-2992887.977977 2975401.876926 4772760.859510


#17000000000000
#1324
4314386.124577 628130.033599 5375106.141180
#1325
4054891.401045 1225478.556113 5473234.787055
#1326
3758674.953071 1811728.955053 5521796.971148
#1327
3428419.362676 2381572.056023 5520352.906799
#1392
2912300.241611 2977995.345937 5527231.858923
#1457
2302408.334216 3476940.735849 5523589.411056
#1458
1729935.189383 3802570.815400 5517972.493081
#1523
980004.578590 4049038.905710 5526763.606849
#17
200597.223306 4163411.907386 5525034.211970
#18
-457917.582394 4156035.051739 5515244.793883
#83
-1228677.680642 3981770.486534 5525947.516006
#148
-1955932.404113 3679190.464498 5526131.282958
#213
-2622700.030781 3255408.246099 5515795.744929
#1586
-2993104.347393 2975184.220103 4772760.859510


#18000000000000
#1324
4311619.777187 635042.466263 5376513.457903
#1325
4051688.727880 1232293.959889 5474076.273564
#1326
3755064.958034 1818385.608588 5522065.006809
#1327
3424434.738441 2388009.675633 5520045.064240
#1392
2906919.039699 2983329.732474 5527187.929135
#1457
2295933.486882 3480870.477095 5523809.477662
#1458
1723250.387118 3806120.714547 5517616.714633
#1523
972668.416953 4050932.902539 5526671.671973
#17
193023.022666 4163541.581756 5525206.295670
#18
-465477.968395 4155730.848038 5514841.101936
#83
-1235967.507488 3979708.015551 5525807.581829
#148
-1962539.882486 3675483.609390 5526255.372923
#213
-2628253.626799 3250268.006261 5516183.622822
#1586
-2993320.700980 2974966.547546 4772760.859510


#19000000000000
#1324
4308848.261735 641954.137742 5377914.330145
#1325
4048481.198215 1239107.886593 5474911.198648
#1326
3751450.462041 1825040.082542 5522326.423525
#1327
3420446.009556 2394444.432888 5519730.605158
#1392
2901534.353449 2988660.543085 5527137.374262
#1457
2289455.887560 3484796.046045 5524022.923232
#1458
1716563.519304 3809666.051540 5517254.322572
#1523
965331.089441 4052822.043774 5526573.112631
#17
185448.590663 4163666.265555 5525371.756660
#18
-473037.796458 4155421.663129 5514430.799704
#83
-1243255.852859 3977640.774346 5525661.024221
#148
-1969145.008490 3671772.348716 5526372.838920
#213
-2633804.072497 3245123.870536 5516564.888821
#1586
-2993537.038737 2974748.859255 4772760.859510


#20000000000000
#1324
4306071.581544 648865.039752 5379308.756226
#1325
4045268.815896 1245920.328057 5475739.561308
#1326
3747831.469426 1831692.368936 5522581.220984
#1327
3416453.180803 2400876.320078 5519409.529929
#1392
2896146.189317 2993987.771380 5527080.194364
#1457
2282975.544014 3488717.437993 5524229.747510
#1458
1709874.593955 3813206.822132 5516885.317332
#1523
957992.604849 4054706.327152 5526467.928940
#17
177873.936373 4163785.958635 5525530.594742
#82
-612276.577857 4137672.557698 5514075.099006
#83
-1250542.708018 3975568.765399 5525507.843357
#148
-1975747.774205 3668056.686924 5526483.680808
#213
-2639351.361224 3239975.845090 5516939.542468
#1586
-2993753.360663 2974531.155233 4772760.859510


#21000000000000
#1324
4303289.739941 655775.164009 5380696.734475
#1325
4042051.584773 1252731.276117 5476561.360550
#1326
3744207.984526 1838342.459799 5522829.398878
#1327
3412456.256966 2407305.329490 5519081.838939
#1392
2890754.553760 2999311.410975 5527016.389510
#1457
2276492.464011 3492634.648240 5524429.950249
#1458
1703183.619089 3816743.022078 5516509.699356
#1523
950652.971972 4056585.750414 5526356.121028
#17
170299.068878 4163900.660852 5525682.809725
#82
-619659.467846 4136018.814629 5514491.047136
#83
-1257828.064233 3973491.991193 5525348.039423
#148
-1982348.171719 3664336.628468 5526587.898455
#213
-2644895.486329 3234823.936092 5517307.583313
#1586
-2993969.666757 2974313.435479 4772760.859510


#22000000000000
#1324
4300502.740261 662684.502230 5382078.263228
#1325
4038829.508702 1259540.722609 5477376.595390
#1326
3740580.011684 1844990.347159 5523070.956912
#1327
3408455.242837 2413731.453421 5518747.532579
#1392
2885359.453241 3004631.455487 5526945.959776
#1457
2270006.655324 3496547.672090 5524623.531209
#1458
1696490.602727 3820274.647138 5516127.469094
#1523
943312.199609 4058460.311307 5526237.689027
#17
162723.997256 4164010.372069 5525828.401427
#82
-627041.615089 4134360.113981 5514900.385399
#83
-1265111.912769 3971410.454218 5525181.612608
#148
-1988946.193119 3660612.177807 5526685.491737
#213
-2650436.441168 3229668.149719 5517669.010916
#1586
-2994185.957017 2974095.699997 4772760.859510


#23000000000000
#1324
4297710.585844 669593.046134 5383453.340830
#1325
4035602.591545 1266348.659370 5478185.264850
#1326
3736947.555249 1851636.023047 5523305.894795
#1327
3404450.143212 2420154.684166 5518406.611251
#1392
2879960.894227 3009947.898541 5526868.905248
#1457
2263518.125725 3500456.504853 5524810.490157
#1458
1689795.552890 3823801.693081 5515738.627004
#1523
935970.296558 4060330.007584 5526112.633079
#17
155148.730587 4164115.092153 5525967.369674
#82
-634423.010737 4132696.457741 5515303.113304
#83
-1272394.244898 3969324.156967 5525008.563113
#148
-1995541.830497 3656883.339405 5526776.460535
#213
-2655974.219100 3224508.492149 5518023.824843
#1586
-2994402.231442 2973877.948785 4772760.859510


#24000000000000
#1324
4294913.280038 676500.787440 5384821.965631
#1325
4032370.837171 1273155.078240 5478987.367962
#1326
3733310.619575 1858279.479498 5523534.212246
#1327
3400440.962890 2426575.014028 5518059.075363
#1392
2874558.883189 3015260.733763 5526785.226016
#1457
2257026.882992 3504361.141844 5524990.826869
#1458
1683098.477604 3827324.155678 5515343.173552
#1523
928627.271619 4062194.837004 5525980.953335
#17
147573.277952 4164214.820981 5526099.714297
#82
-641803.645944 4131027.847902 5515699.230371
#83
-1279675.051889 3967233.101943 5524828.891144
#148
-2002135.075947 3653150.117731 5526860.804741
#213
-2661508.813485 3219344.969569 5518372.024670
#1586
-2994618.490031 2973660.181846 4772760.859510


#25000000000000
#1324
4292110.826195 683407.717868 5386184.135993
#1325
4029134.249453 1279959.971060 5479782.903763
#1326
3729669.209021 1864920.708548 5523755.908991
#1327
3396427.706679 2432992.435309 5517704.925332
#1392
2869153.426602 3020569.954786 5526694.922181
#1457
2250532.934907 3508261.578381 5525164.541129
#1458
1676399.384895 3830842.030708 5514941.109213
#1523
921283.133594 4064054.797332 5525842.649953
#17
139997.648430 4164309.558431 5526225.435140
#82
-649183.511861 4129354.286466 5516088.736122
#83
-1286954.325015 3965137.291651 5524642.596918
#148
-2008725.921566 3649412.517262 5526938.524254
#213
-2667040.217691 3214177.588166 5518713.609978
#1586
-2994834.732783 2973442.399181 4772760.859510


#26000000000000
#1324
4289303.227674 690313.829139 5387539.850281
#1325
4025892.832270 1286763.329675 5480571.871300
#1326
3726023.327952 1871559.702238 5523970.984764
#1327
3392410.379388 2439406.940319 5517344.161582
#1392
2863744.530944 3025875.555246 5526597.993852
#1457
2244036.289251 3512157.809791 5525331.632730
#1458
1669698.282795 3834355.313953 5514532.434468
#1523
913937.891287 4065909.886338 5525697.723098
#17
132421.851102 4164399.304391 5526344.532052
#82
-656562.599644 4127675.775438 5516471.630092
#83
-1294232.055552 3963036.728603 5524449.680658
#148
-2015314.359455 3645670.542476 5527009.618980
#149
-2578113.764707 3304082.447198 5507867.972124
#1586
-2995050.959697 2973224.600791 4772760.859510


#27000000000000
#1324
4286490.487841 697219.112975 5388889.106871
#1325
4022646.589508 1293565.145930 5481354.269627
#1326
3722372.980739 1878196.452610 5524179.439308
#1327
3388388.985832 2445818.521369 5516976.784546
#1392
2858332.202700 3031177.528783 5526494.441145
#1457
2237536.953814 3516049.831403 5525492.101470
#1458
1662995.179334 3837864.001202 5514117.149806
#1523
906591.553501 4067760.101800 5525546.172943
#17
124845.895048 4164484.058753 5526457.004889
#82
-663940.900447 4125992.316830 5516847.911822
#83
-1301508.234776 3960931.415318 5524250.142595
#148
-2021900.381715 3641924.197858 5527074.088835
#149
-2584459.889512 3299973.858191 5507356.953636
#1586
-2995267.170772 2973006.786677 4772760.859510


#28000000000000
#1324
4283672.610066 704123.561099 5390231.904146
#1325
4019395.525058 1300365.411671 5482130.097807
#1326
3718718.171755 1884830.951707 5524381.272373
#1327
3384363.530832 2452227.170772 5516602.794665
#1392
2852916.448357 3036475.869042 5526384.264184
#1457
2231034.936385 3519937.638551 5525645.947158
#1522
1533146.546668 3891171.273126 5514389.249014
#1523
899244.129042 4069605.441498 5525387.999672
#17
117269.789349 4164563.821415 5526562.853516
#82
-671318.405427 4124303.912660 5517217.580860
#83
-1308782.853966 3958821.354318 5524043.982967
#148
-2028483.980454 3638173.487900 5527131.933741
#149
-2590802.916491 3295861.313717 5506839.333832
#1586
-2995483.366006 2972788.956841 4772760.859510


#29000000000000
#1324
4280849.597729 711027.165235 5391568.240496
#1325
4016139.642816 1307164.118747 5482899.354909
#1326
3715058.905383 1891463.191580 5524576.483716
#1327
3380334.019212 2458632.880849 5516222.192385
#1392
2847497.274406 3041770.569672 5526267.463101
#1457
2224530.244757 3523821.226577 5525793.169608
#1522
1525924.520430 3893427.018621 5514800.214752
#1523
891895.626716 4071445.903222 5525223.203472
#17
109693.543087 4164638.592282 5526662.077808
#82
-678695.105741 4122610.564951 5517580.636764
#83
-1316055.904402 3956706.548134 5523831.202023
#148
-2035065.147778 3634418.417097 5527183.153629
#149
-2597142.838041 3291744.818705 5506315.113335
#1586
-2995699.545399 2972571.111283 4772760.859510


#30000000000000
#1324
4278021.454212 717929.917109 5392898.114319
#1325
4012878.946686 1313961.259009 5483662.040012
#1326
3711395.186009 1898093.164276 5524765.073105
#1327
3376300.455803 2465035.643920 5515834.978165
#1392
2842074.687342 3047061.624327 5526144.038036
#1457
2218022.886728 3527700.590824 5525933.768645
#1522
1518700.665163 3895678.097315 5515204.570253
#1523
884546.055333 4073281.484764 5525051.784542
#17
102117.165342 4164708.371264 5526754.677645
#82
-686070.992547 4120912.275734 5517937.079098
#83
-1323327.377366 3954586.999299 5523611.800017
#148
-2041643.875801 3630658.989950 5527227.748438
#149
-2603479.646563 3287624.378091 5505784.292770
#1586
-2995915.708948 2972353.250004 4772760.859510


#31000000000000
#1324
4275188.182905 724831.808447 5394221.524021
#1325
4009613.440575 1320756.824311 5484418.152202
#1326
3707727.018023 1904720.861850 5524947.040312
#1327
3372262.845440 2471435.452311 5515441.152467
#1392
2836648.693666 3052349.026665 5526013.989137
#1457
2211512.870097 3531575.726642 5526067.744100
#1522
1511474.989527 3897924.506510 5515602.315032
#1523
877195.423700 4075112.183926 5524873.743087
#17
94540.665195 4164773.158277 5526840.652915
#82
-693446.057003 4119209.047044 5518286.907436
#83
-1330597.264143 3952462.710355 5523385.777212
#148
-2048220.156637 3626895.210965 5527265.718113
#149
-2609813.334461 3283499.996812 5505246.872776
#1586
-2996131.856654 2972135.373006 4772760.859510


#32000000000000
#1324
4272349.787204 731732.830975 5395538.468017
#1325
4006343.128398 1327550.806506 5485167.690571
#1326
3704054.405823 1911346.276358 5525122.385120
#1327
3368221.192962 2477832.298351 5515040.715764
#1392
2831219.299882 3057632.770349 5525877.316559
#1457
2205000.202667 3535446.629388 5526195.095813
#1522
1504247.502184 3900166.243513 5515993.448613
#1523
869843.740631 4076937.998513 5524689.079321
#17
86964.051729 4164832.953244 5526920.003517
#82
-700820.290270 4117500.880923 5518630.121357
#83
-1337865.556018 3950333.683848 5523153.133879
#148
-2054793.982402 3623127.084654 5527297.062610
#149
-2616143.894143 3279371.679813 5504702.853995
#1586
-2996347.988515 2971917.480290 4772760.859510


#33000000000000
#1324
4269506.270513 738632.976421 5396848.944727
#1325
4003068.014074 1334343.197452 5485910.654222
#1326
3700377.353810 1917969.399857 5525291.107319
#1327
3364175.503213 2484226.174373 5514633.668535
#1392
2825786.512497 3062912.849044 5525734.020468
#1457
2198484.892246 3539313.294421 5526315.823630
#1522
1497018.211795 3902403.305637 5516377.970527
#1523
862491.014935 4078758.926335 5524497.793465
#17
79387.334025 4164887.756094 5526992.729354
#82
-708193.683509 4115787.779417 5518966.720450
#83
-1345132.244280 3948199.922329 5522913.870297
#148
-2061365.345218 3619354.615533 5527321.781890
#149
-2622471.318021 3275239.432041 5504152.237081
#1586
-2996564.104530 2971699.571857 4772760.859510


#34000000000000
#1324
4266657.636238 745532.236516 5398152.952580
#1325
3999788.101531 1341133.989005 5486647.042264
#1326
3696695.866393 1924590.224410 5525453.206706
#1327
3360125.781043 2490617.072712 5514220.011270
#1392
2820350.338022 3068189.256422 5525584.101033
#1457
2191966.946642 3543175.717106 5526429.927407
#1522
1489787.127027 3904635.690200 5516755.880312
#1523
855137.255427 4080574.965212 5524299.885748
#17
71810.521164 4164937.566760 5527058.830341
#82
-715566.227881 4114069.744582 5519296.704312
#83
-1352397.320217 3946061.428357 5522667.986753
#84
-1976980.892998 3742316.968774 5476025.132699
#85
-2583660.620668 3504681.507210 5379790.547060
#1586
-2996780.204697 2971481.647708 4772760.859510


#35000000000000
#1324
4263803.887794 752430.602990 5399450.490014
#1325
3996503.394698 1347923.173028 5487376.853815
#1326
3693009.947984 1931208.742080 5525608.683087
#1391
3274591.119482 2601909.362014 5514287.050206
#1392
2814910.782975 3073461.986159 5525427.558436
#1457
2185446.373667 3547033.892814 5526537.407007
#1522
1482554.256547 3906863.394528 5517127.177517
#1523
847782.470920 4082386.112964 5524095.356407
#17
64233.622229 4164982.385182 5527118.306396
#82
-722937.914551 4112346.778474 5519620.072548
#83
-1359660.775123 3943918.204494 5522415.483541
#84
-1984070.337168 3739772.896522 5475199.044748
#85
-2590511.850998 3501759.626082 5378398.355550
#1586
-2996996.289016 2971263.707845 4772760.859510


#36000000000000
#1260
4147066.833030 569894.937113 5511560.345586
#1261
3987394.404015 1208705.982185 5526296.835627
#1326
3689319.603001 1937824.944934 5525757.536275
#1391
3269465.499490 2607474.676933 5514699.643389
#1392
2809467.853876 3078731.031934 5525264.392864
#1457
2178923.181139 3550887.816920 5526638.262302
#1522
1475319.609024 3909086.415949 5517491.861695
#1523
840426.670231 4084192.367423 5523884.205688
#17
56656.646300 4165022.211308 5527171.157450
#82
-730308.734681 4110618.883161 5519936.824770
#83
-1366922.600291 3941770.253309 5522156.360964
#84
-1991157.403161 3737224.341645 5474366.394027
#85
-2597359.976249 3498833.547619 5376999.717299
#1586
-2997212.357486 2971045.752268 4772760.859510


#37000000000000
#1260
4145441.577857 577281.918319 5512014.215453
#1261
3985345.009569 1215999.821514 5526175.041453
#1326
3685624.835868 1944438.825042 5525899.766093
#1391
3264335.960600 2613036.866438 5515105.626456
#1392
2804021.557247 3083996.387432 5525094.604511
#1457
2172397.376875 3554737.484805 5526732.493171
#1522
1468083.193130 3911304.751800 5517849.932410
#1523
833069.862177 4085993.726423 5523666.433843
#17
49079.602462 4165057.045088 5527217.383438
#82
-737678.679436 4108886.060713 5520246.960597
#83
-1374182.787017 3939617.577378 5521890.619334
#84
-1998242.082481 3734671.307197 5473527.181535
#85
-2604204.988211 3495903.275330 5375594.633984
#1586
-2997428.410104 2970827.780978 4772760.859510


#38000000000000
#1260
4143811.353810 584668.207574 5512461.478422
#1261
3983290.838146 1223292.203302 5526046.623408
#1326
3681925.651012 1951050.374475 5526035.372369
#1391
3259202.508960 2618595.923864 5515504.998920
#1392
2798571.899618 3089258.046341 5524918.193583
#1457
2165868.968698 3558582.891854 5526820.099500
#1522
1460845.017539 3913518.399420 5518201.389233
#1523
825712.055575 4087790.187804 5523442.041134
#17
41502.499794 4165086.886483 5527256.984306
#82
-745047.739984 4107148.313207 5520550.479659
#83
-1381441.326598 3937460.179279 5521618.258967
#84
-2005324.366637 3732113.796238 5472681.408277
#85
-2611046.878679 3492968.812725 5374183.107289
#1586
-2997644.446871 2970609.793978 4772760.859510


#39000000000000
#1260
4142176.162842 592053.796025 5512902.133958
#1261
3981231.892209 1230583.118808 5525911.581646
#1326
3678222.052869 1957659.585310 5526164.354942
#1391
3254065.150724 2624151.842548 5515897.760302
#1392
2793118.887520 3094516.002356 5524735.160290
#1457
2159337.964433 3562424.033459 5526901.081184
#1522
1453605.090927 3915727.356157 5518546.231742
#1523
818353.259245 4089581.749414 5523211.027830
#17
33925.347380 4165111.735455 5527289.960006
#82
-752415.907491 4105405.642726 5520847.381592
#83
-1388698.210334 3935298.061601 5521339.280191
#84
-2012404.247139 3729551.811834 5471829.075268
#85
-2617885.639454 3490030.163324 5372765.138905
#1586
-2997860.467785 2970391.791267 4772760.859510


#40000000000000
#1260
4140536.006913 599438.674820 5513336.181532
#1261
3979168.174224 1237872.559293 5525769.916328
#1326
3674514.045877 1964266.449624 5526286.713656
#1391
3248923.892048 2629704.615829 5516283.910131
#1392
2787662.527490 3099770.249172 5524545.504851
#1457
2152804.371908 3566260.905014 5526975.438127
#1522
1446363.421972 3917931.619363 5518884.459524
#1523
810993.482008 4091368.409104 5522973.394207
#17
26348.154302 4165131.591975 5527316.310498
#82
-759783.173125 4103658.051358 5521137.666039
#83
-1395953.429526 3933131.226933 5521053.683340
#84
-2019481.715501 3726985.357055 5470970.183528
#85
-2624721.262336 3487087.330647 5371340.730533
#1586
-2998076.472844 2970173.772847 4772760.859510


#41000000000000
#1260
4138890.887990 606822.835105 5513763.620623
#1261
3977099.686665 1245160.516020 5525621.627624
#1326
3670801.634481 1970870.959498 5526402.448365
#1391
3243778.739096 2635254.237051 5516663.447945
#1392
2782202.826068 3105020.780493 5524349.227495
#1457
2146268.198954 3570093.501922 5527043.170240
#1522
1439120.019353 3920131.186397 5519216.072173
#1523
803632.732685 4093150.164734 5522729.140551
#17
18770.929642 4165146.456019 5527336.035751
#82
-767149.528056 4101905.541199 5521421.332653
#83
-1403206.975479 3930959.677873 5520761.468756
#84
-2026556.763241 3724414.434979 5470104.734087
#85
-2631553.739134 3484140.318222 5369909.883880
#1586
-2998292.462049 2969955.738720 4772760.859510


#42000000000000
#1260
4137240.808044 614206.268031 5514184.450721
#1261
3975026.432013 1252446.980253 5525466.715713
#1326
3667084.823131 1977473.107016 5526511.558930
#1391
3238629.698034 2640800.699564 5517036.373289
#1392
2776739.789798 3110267.590025 5524146.328456
#1457
2139729.453407 3573921.819587 5527104.277440
#1522
1431874.891755 3922326.054620 5519541.069293
#1523
796271.020099 4094927.014168 5522478.267154
#17
11193.682483 4165156.327570 5527349.135741
#82
-774514.963453 4100148.114350 5521698.381094
#83
-1410458.839498 3928783.417024 5520462.636791
#84
-2033629.381876 3721839.048686 5469232.727983
#85
-2638383.061658 3481189.129582 5368472.600660
#1586
-2998508.435396 2969737.688886 4772760.859510


#43000000000000
#1260
4135585.769053 621588.964747 5514598.671319
#1261
3972948.412752 1259731.943258 5525305.180779
#1326
3663363.616282 1984072.884263 5526614.045221
#1391
3233476.775035 2646343.996719 5517402.685715
#1392
2771273.425229 3115510.671479 5523936.807977
#1457
2133188.143103 3577745.853422 5527158.759656
#1522
1424628.047859 3924516.221403 5519859.450493
#1523
788908.353074 4096698.955276 5522220.774317
#17
3616.421907 4165161.206615 5527355.610453
#82
-781879.470490 4098385.772916 5521968.811030
#83
-1417709.012890 3926602.446995 5520157.187801
#84
-2040699.562931 3719259.201264 5468354.166261
#85
-2645209.221721 3478233.768264 5367028.882597
#1586
-2998724.392886 2969519.623347 4772760.859510


#44000000000000
#1260
4133925.773001 628970.916405 5515006.281922
#1261
3970865.631372 1267015.396303 5525137.023017
#1326
3659638.018394 1990670.283330 5526709.907114
#1391
3228319.976275 2651884.121871 5517762.384785
#1392
2765803.738911 3120750.018570 5523720.666310
#1457
2126644.275884 3581565.598843 5527206.616821
#1522
1417379.496354 3926701.684121 5520171.215392
#1523
781544.740435 4098465.985933 5521956.662348
#17
-3960.843005 4165161.093149 5527355.459878
#82
-789243.040338 4096618.519010 5522232.622136
#83
-1424957.486965 3924416.770399 5519845.122153
#84
-2047767.297931 3716674.895804 5467469.049974
#85
-2652032.211141 3475274.237811 5365578.731421
#1586
-2998940.334518 2969301.542103 4772760.859510


#45000000000000
#1260
4132260.821877 636352.114155 5515407.282041
#1261
3968778.090371 1274297.330659 5524962.242628
#1326
3655908.033932 1997265.296308 5526799.144495
#1391
3223159.307935 2657421.068379 5518115.470068
#1392
2760330.737403 3125985.625019 5523497.903713
#1457
2120097.859593 3585381.051271 5527247.848879
#1522
1410129.245926 3928882.440153 5520476.363616
#1523
774180.191009 4100228.104023 5521685.931564
#17
-11538.103168 4165155.987171 5527348.684017
#82
-796605.664171 4094846.354751 5522489.814096
#83
-1432204.253036 3922226.389857 5519526.440221
#84
-2054832.578403 3714086.135405 5466577.380183
#85
-2658852.021741 3472310.541770 5364122.148870
#1586
-2999156.260289 2969083.445156 4772760.859510


#46000000000000
#1260
4130590.917678 643732.549151 5515801.671195
#1261
3966685.792250 1281577.737595 5524780.839821
#1326
3652173.667369 2003857.915292 5526881.757257
#1391
3217994.776201 2662954.829608 5518461.941140
#1392
2754854.427263 3131217.484549 5523268.520455
#1457
2113548.902076 3589192.206133 5527282.455779
#1522
1402877.305267 3931058.486886 5520774.894799
#1523
766814.713622 4101985.307432 5521408.582290
#17
-19115.349502 4165145.888689 5527335.282878
#82
-803967.333164 4093069.282262 5522740.386602
#83
-1439449.302415 3920031.307994 5519201.142387
#84
-2061895.395879 3711492.923169 5465679.157957
#85
-2665668.645346 3469342.683693 5362659.136690
#1586
-2999372.170200 2968865.332507 4772760.859510


#47000000000000
#1260
4128916.062404 651112.212547 5516189.448912
#1261
3964588.739518 1288856.608387 5524592.814815
#1326
3648434.923179 2010448.132381 5526957.745300
#1391
3212826.387264 2668485.398924 5518801.797586
#1392
2749374.815056 3136445.590890 5523032.516808
#1457
2106997.411185 3592999.058861 5527310.437481
#1522
1395623.683070 3933229.821712 5521066.808584
#1523
759448.317104 4103737.594055 5521124.614858
#17
-26692.572923 4165130.797714 5527315.256477
#82
-811328.038492 4091287.303674 5522984.339354
#83
-1446692.626418 3917831.527441 5518869.229041
#84
-2068955.741894 3708895.262205 5464774.384371
#85
-2672482.073785 3466370.667137 5361189.696636
#1586
-2999588.064248 2968647.204158 4772760.859510


#48000000000000
#1260
4127236.258064 658491.095495 5516570.614727
#1261
3962486.934688 1296133.934310 5524398.167833
#1326
3644691.805845 2017035.939674 5527027.108534
#1391
3207654.147317 2674012.769697 5519135.038998
#1392
2743891.907350 3141669.937775 5522789.893058
#1457
2100443.394770 3596801.604891 5527331.793951
#1522
1388368.388027 3935396.442028 5521352.104621
#1523
752081.010284 4105484.961791 5520834.029608
#17
-34269.764350 4165110.714263 5527288.604839
#82
-818687.771334 4089500.421122 5523221.672059
#83
-1453934.216364 3915627.050835 5518530.700581
#84
-2076013.607984 3706293.155626 5463863.060512
#85
-2679292.298891 3463394.495666 5359713.830467
#1586
-2999803.942433 2968429.060108 4772760.859510


#49000000000000
#1260
4125551.506671 665869.189153 5516945.168183
#1261
3960380.380279 1303409.706639 5524196.899110
#1326
3640944.319853 2023621.329276 5527089.846875
#1391
3202478.062562 2679536.935303 5519461.664978
#1392
2738405.710717 3146890.518942 5522540.649494
#1457
2093886.860689 3600599.839666 5527346.525163
#1522
1381111.428837 3937558.345237 5521630.782567
#1523
744712.801993 4107227.408546 5520536.826889
#17
-41846.914700 4165085.638362 5527255.327994
#82
-826046.522868 4087708.636749 5523452.384434
#83
-1461174.063573 3913417.880819 5518185.557412
#84
-2083068.985690 3703686.606552 5462945.187471
#85
-2686099.312501 3460414.172846 5358231.539953
#1586
-3000019.804754 2968210.900360 4772760.859510


#50000000000000
#1260
4123861.810244 673246.484676 5517313.108831
#1261
3958269.078816 1310683.916656 5523989.008887
#1326
3637192.469694 2030204.293293 5527145.960249
#1391
3197298.139201 2685057.889120 5519781.675133
#1392
2732916.231733 3152107.328133 5522284.786414
#1457
2087327.816801 3604393.758634 5527354.631099
#1522
1373852.814197 3939715.528747 5521902.842089
#1523
737343.701063 4108964.932231 5520233.007057
#17
-49424.014890 4165055.570040 5527215.425983
#82
-833404.284272 4085911.952702 5523676.476200
#83
-1468412.159366 3911204.020039 5517833.799949
#84
-2090121.866555 3701075.618106 5462020.766348
#85
-2692903.106457 3457429.702249 5356742.826872
#1586
-3000235.651209 2967992.724915 4772760.859510


#51000000000000
#1260
4122167.170809 680622.973222 5517674.436230
#1261
3956153.032831 1317956.555639 5523774.497413
#1326
3633436.259866 2036784.823834 5527195.448588
#1391
3192114.383445 2690575.624531 5520095.069080
#1392
2727423.476977 3157320.359095 5522022.304127
#1457
2080766.270966 3608183.357246 5527356.111750
#1522
1366592.552808 3941867.989973 5522168.282861
#1523
729973.716326 4110697.530763 5519922.570476
#17
-57001.055839 4165020.509334 5527168.898854
#82
-840761.046729 4084110.371135 5523893.947090
#83
-1475648.495067 3908985.471151 5517475.428612
#84
-2097172.242125 3698460.193418 5461089.798251
#85
-2699703.672602 3454441.087454 5355247.693006
#1586
-3000451.481797 2967774.533774 4772760.859510


#52000000000000
#1260
4120467.590397 687998.645949 5518029.149947
#1261
3954032.244858 1325227.614873 5523553.364945
#1326
3629675.694872 2043362.913012 5527238.311832
#1391
3186926.801506 2696090.134921 5520401.846444
#1392
2721927.453035 3162529.605581 5521753.202946
#1457
2074202.231051 3611968.630960 5527350.967115
#1522
1359330.653372 3944015.726335 5522427.104564
#1523
722602.856616 4112425.202066 5519605.517518
#17
-64578.028465 4164980.456285 5527115.746663
#82
-848116.801419 4082303.894206 5524104.796843
#83
-1482883.062004 3906762.236812 5517110.443832
#84
-2104220.103949 3695840.335624 5460152.284297
#85
-2706501.002786 3451448.332042 5353746.140149
#1586
-3000667.296517 2967556.326937 4772760.859510


#53000000000000
#1260
4118763.071044 695373.494016 5518377.249556
#1261
3951906.717442 1332497.085641 5523325.611749
#1326
3625910.779218 2049938.552942 5527274.549930
#1391
3181735.399602 2701601.413682 5520702.006857
#1392
2716428.166492 3167735.061345 5521477.483194
#1457
2067635.704922 3615749.575239 5527339.197199
#1522
1352067.124594 3946158.735259 5522679.306888
#1523
715231.130769 4114147.944070 5519281.848564
#17
-72154.923685 4164935.410941 5527055.969472
#82
-855471.539526 4080492.524083 5524309.025206
#83
-1490115.851503 3904534.319689 5516738.846046
#84
-2111265.443580 3693216.047863 5459208.225608
#85
-2713295.088862 3448451.439600 5352238.170100
#1586
-3000883.095369 2967338.104407 4772760.859510


#54000000000000
#1260
4117053.614795 702747.508583 5518718.734641
#1261
3949776.453128 1339764.959231 5523091.238096
#1326
3622141.517418 2056511.735743 5527304.162840
#1391
3176540.183957 2707109.454206 5520995.549958
#1392
2710925.623942 3172936.720148 5521195.145201
#1457
2061066.700451 3619526.185552 5527320.802016
#1522
1344801.975180 3948297.014175 5522924.889532
#16
578468.517366 4150587.595747 5508015.775617
#81
-220489.770474 4218113.679582 5482621.840619
#146
-1032600.890322 4143240.228611 5446791.423336
#211
-1835584.197348 3919753.797101 5400592.729003
#276
-2603905.266839 3544060.824615 5344113.699460
#1586
-3001098.878350 2967119.866184 4772760.859510


#55000000000000
#1260
4115339.223698 710120.680812 5519053.604793
#1261
3947641.454471 1347031.226930 5522850.244269
#1326
3618367.913990 2063082.453535 5527327.150525
#1391
3171341.160796 2712614.249892 5521282.475397
#1392
2705419.831978 3178134.575756 5520906.189306
#1457
2054495.225512 3623298.457370 5527295.781588
#1522
1337535.213838 3950430.560522 5523163.852199
#16
570917.420253 4150966.249787 5508518.266501
#81
-227899.331849 4216725.146884 5483386.903199
#146
-1039454.597525 4140176.146368 5447817.601272
#211
-1841504.762948 3915203.000702 5401878.068907
#276
-2608575.168253 3538296.361913 5345655.754615
#1586
-3001314.645460 2966901.612269 4772760.859510


#56000000000000
#1260
4113619.899808 717493.001865 5519381.859609
#1261
3945501.724029 1354295.880030 5522602.630555
#1326
3614589.973456 2069650.698442 5527343.512957
#1391
3166138.336353 2718115.794141 5521562.782829
#1392
2699910.797202 3183328.621938 5520610.615856
#1457
2047921.287982 3627066.386174 5527264.135946
#1522
1330266.849278 3952559.371741 5523396.194605
#16
563365.638819 4151339.928331 5509014.154678
#81
-235308.620055 4215331.559868 5484145.393196
#146
-1046307.058801 4137107.101562 5448837.249259
#211
-1847423.121255 3910647.511399 5403156.933926
#276
-2613241.942937 3532527.658082 5347191.402275
#1586
-3001530.396697 2966683.342664 4772760.859510


#57000000000000
#1260
4111895.645186 724864.462905 5519703.498696
#1261
3943357.264368 1361558.909822 5522348.397253
#1326
3610807.700345 2076216.462592 5527353.250118
#1391
3160931.716863 2723614.080359 5521836.471917
#1392
2694398.526217 3188518.852469 5520308.425203
#1457
2041344.895740 3630829.967446 5527225.865128
#1522
1322996.890213 3954683.445280 5523621.916470
#16
555813.182114 4151708.630930 5509503.439553
#81
-242717.626213 4213932.920205 5484897.309699
#146
-1053158.265935 4134033.097871 5449850.366074
#211
-1853339.265175 3906087.334655 5404429.322529
#276
-2617905.585295 3526754.720037 5348720.640600
#1586
-3001746.132061 2966465.057369 4772760.859510


#58000000000000
#1196
4149300.031265 603433.635573 5506307.119840
#1261
3941208.078058 1368820.307601 5522087.544666
#1326
3607021.099191 2082779.738115 5527356.361995
#1391
3155721.308567 2729109.101956 5522103.542336
#1392
2688883.025628 3193705.261127 5519999.617712
#1457
2034766.056668 3634589.196675 5527180.969178
#1522
1315725.345357 3956802.778595 5523841.017525
#16
548260.059192 4152072.357143 5509986.120540
#81
-250126.341440 4212529.229571 5485642.651808
#146
-1060008.210716 4130954.138980 5450856.950504
#211
-1859253.187615 3901522.475935 5405695.233189
#276
-2622566.089737 3520977.554697 5350243.467757
#1586
-3001961.851550 2966246.756386 4772760.859510


#59000000000000
#1196
4148899.953927 610981.682013 5505776.199279
#1261
3939054.167674 1376080.064663 5521820.073107
#1326
3603230.174532 2089340.517143 5527352.848586
#1391
3150507.117711 2734600.852346 5522363.993763
#1392
2683364.302048 3198887.841695 5519684.193752
#1457
2028184.778653 3638344.069356 5527129.448152
#1522
1308452.223425 3958917.369144 5524053.497506
#16
540706.279106 4152431.106533 5510462.197060
#81
-257534.756856 4211120.489648 5486381.418629
#146
-1066856.884933 4127870.228580 5451857.001341
#211
-1865164.881489 3896952.940710 5406954.664389
#276
-2627223.450678 3515196.168988 5351759.881921
#1586
-3002177.555163 2966028.439717 4772760.859510


#60000000000000
#1196
4148494.903568 618528.996108 5505238.679299
#1261
3936895.535799 1383338.172306 5521545.982897
#1326
3599434.930912 2095898.791813 5527342.709893
#1391
3145289.150543 2740089.324944 5522617.825887
#1392
2677842.362092 3204066.587961 5519362.153700
#1457
2021601.069584 3642094.580987 5527071.302110
#1522
1301177.533135 3961027.214393 5524259.356158
#16
533151.850909 4152784.878671 5510931.668544
#81
-264942.863583 4209706.702126 5487113.609277
#146
-1073704.280378 4124781.370366 5452850.517388
#211
-1871074.339709 3892378.734457 5408207.614619
#276
-2631877.662535 3509410.569839 5353269.881274
#1586
-3002393.242899 2965810.107361 4772760.859510


#61000000000000
#1196
4148084.880675 626075.568812 5504694.560541
#1261
3934732.185021 1390594.621830 5521265.274364
#1326
3595635.372881 2102454.554264 5527325.945929
#1391
3140067.413320 2745574.513174 5522865.038403
#1392
2672317.212378 3209241.493719 5519033.497943
#1457
2015014.937351 3645840.727073 5527006.531123
#1522
1293901.283207 3963132.311813 5524458.593236
#16
525596.783658 4153133.673132 5511394.534427
#81
-272350.652739 4208287.868699 5487839.222874
#146
-1080550.388842 4121687.568042 5453837.497453
#211
-1876981.555192 3887799.862661 5409454.082379
#276
-2636528.719729 3503620.764184 5354773.464006
#1586
-3002608.914757 2965591.759321 4772760.859510


#62000000000000
#1196
4147669.885739 633621.391079 5504143.843660
#1261
3932564.117931 1397849.404538 5520977.947845
#1326
3591831.504993 2109007.796637 5527302.556715
#1391
3134841.912300 2751056.410459 5523105.631016
#1392
2666788.859529 3214412.552765 5518698.226875
#1457
2008426.389848 3649582.503123 5526935.135268
#1522
1286623.482363 3965232.658881 5524651.208499
#16
518041.086408 4153477.489498 5511850.794155
#81
-279758.115446 4206863.991067 5488558.258551
#146
-1087395.202120 4118588.825316 5454817.940352
#211
-1882886.520858 3883216.330808 5410694.066173
#276
-2641176.616685 3497826.758964 5356270.628315
#1586
-3002824.570736 2965373.395597 4772760.859510


#63000000000000
#1196
4147249.919257 641166.453865 5503586.529315
#1261
3930391.337130 1405102.511733 5520684.003685
#1326
3588023.331807 2115558.511078 5527272.542277
#1391
3129612.653745 2756535.010230 5523339.603436
#1392
2661257.310171 3219579.758901 5518356.340898
#1457
2001835.434975 3653319.904654 5526857.114630
#1522
1279344.139326 3967328.253079 5524837.201718
#16
510484.768215 4153816.327357 5512300.447182
#81
-287165.242825 4205435.070937 5489270.715445
#146
-1094238.712007 4115485.145901 5455791.844912
#211
-1888789.229628 3878628.144393 5411927.564515
#276
-2645821.347833 3492028.561124 5357761.372406
#1586
-3003040.210835 2965155.016191 4772760.859510


#64000000000000
#1196
4146824.981733 648710.748126 5503022.618175
#1261
3928213.845220 1412353.934722 5520383.442234
#1326
3584210.857887 2122106.689735 5527235.902654
#1391
3124379.643926 2762010.305920 5523566.955385
#1392
2655722.570935 3224743.105934 5518007.840422
#1457
1995242.080629 3657052.927185 5526772.469304
#1522
1272063.262822 3969419.091896 5525016.572670
#16
502927.838137 4154150.186304 5512743.492968
#81
-294572.025997 4204001.110022 5489976.592703
#146
-1101080.910300 4112376.533519 5456759.209965
#211
-1894689.674429 3874035.308916 5413154.575928
#276
-2650462.907604 3486226.177614 5359245.694492
#1586
-3003255.835051 2964936.621104 4772760.859510


#65000000000000
#1196
4146395.073676 656254.264819 5502452.110914
#1261
3926031.644813 1419603.664814 5520076.263855
#1326
3580394.087805 2128652.324759 5527192.637887
#1391
3119142.889112 2767482.290965 5523787.686588
#1392
2650184.648455 3229902.587674 5517652.725864
#1457
1988646.334715 3660781.566241 5526681.199391
#1522
1264780.861576 3971505.172824 5525189.321138
#16
495370.305232 4154479.065937 5513179.930982
#81
-301978.456085 4202562.110042 5490675.889479
#146
-1107921.788798 4109262.991895 5457720.034350
#211
-1900587.848186 3869437.829881 5414375.098939
#276
-2655101.290436 3480419.615388 5360723.592795
#1586
-3003471.443385 2964718.210337 4772760.859510


#66000000000000
#1196
4145960.195602 663796.994903 5501875.008217
#1261
3923844.738524 1426851.693317 5519762.468914
#1326
3576573.026133 2135195.408304 5527142.748029
#1391
3113902.395583 2772950.958807 5524001.796781
#1392
2644643.549369 3235058.197937 5517290.997649
#1457
1982048.205138 3664505.817353 5526583.304999
#1522
1257496.944319 3973586.493364 5525355.446917
#16
487812.178558 4154802.965863 5513609.760702
#81
-309384.524211 4201118.072719 5491368.604934
#146
-1114761.339302 4106144.524762 5458674.316917
#211
-1906483.743831 3864835.712799 5415589.132087
#276
-2659736.490768 3474608.881406 5362195.065543
#1586
-3003687.035836 2964499.783890 4772760.859510


#67000000000000
#1196
4145520.348031 671338.929335 5501291.310776
#1261
3921653.128974 1434098.011545 5519442.057789
#1326
3572747.677454 2141735.932527 5527086.233140
#1391
3108658.169618 2778416.302890 5524209.285708
#1392
2639099.280318 3240209.930544 5516922.656213
#1457
1975447.699807 3668225.676057 5526478.786247
#1522
1250211.519782 3975663.051022 5525514.949808
#16
480253.467174 4155121.885694 5514032.981611
#81
-316790.221497 4199668.999787 5492054.738237
#146
-1121599.553612 4103021.135856 5459622.056521
#211
-1912377.354296 3860228.963187 5416796.673916
#276
-2664368.503045 3468793.982634 5363660.110971
#1586
-3003902.612401 2964281.341766 4772760.859510


#68000000000000
#1196
4145075.531491 678880.059076 5500701.019291
#1261
3919456.818790 1441342.610812 5519115.030863
#1326
3568918.046351 2148273.889589 5527023.093288
#1391
3103410.217505 2783878.316664 5524410.153120
#1392
2633551.847948 3245357.779319 5516547.701995
#1457
1968844.826634 3671941.137895 5526367.643260
#1522
1242924.596696 3977734.843307 5525667.829618
#16
472694.180142 4155435.825046 5514449.593204
#81
-324195.539067 4198214.892980 5492734.288568
#146
-1128436.423534 4099892.828923 5460563.252027
#211
-1918268.672517 3855617.586566 5417997.722978
#276
-2668997.321714 3462974.926041 5365118.727325
#1586
-3004118.173080 2964062.883966 4772760.859510


#69000000000000
#1196
4144625.746515 686420.375088 5500104.134468
#1261
3917255.810605 1448585.482434 5518781.388528
#1326
3565084.137415 2154809.271653 5526953.328548
#1391
3098158.545533 2789336.993582 5524604.398776
#1392
2628001.258909 3250501.738092 5516166.135445
#1457
1962239.593533 3675652.198413 5526249.876170
#1522
1235636.183796 3979801.867737 5525814.086165
#16
465134.326522 4155744.783545 5514859.594979
#81
-331600.468045 4196755.754043 5493407.255110
#146
-1135271.940871 4096759.607711 5461497.902307
#211
-1924157.691433 3851001.588465 5419192.277835
#276
-2673622.941228 3457151.718603 5366570.912855
#1586
-3004333.717872 2963844.410490 4772760.859510


#70000000000000
#1196
4144170.993643 693959.868332 5499500.657023
#1261
3915050.107057 1455826.617730 5518441.131184
#1326
3561245.955241 2161342.070886 5526876.939004
#1391
3092903.159997 2794792.327101 5524792.022444
#1392
2622447.519854 3255641.800697 5515777.957022
#1457
1955632.008422 3679358.853162 5526125.485120
#1522
1228346.289818 3981864.121833 5525953.719273
#16
457573.915375 4156048.760819 5515262.986446
#81
-339004.999554 4195291.584724 5494073.637058
#146
-1142106.097430 4093621.475977 5462426.006239
#211
-1930044.403984 3846380.974414 5420380.337053
#276
-2678245.356042 3451324.367298 5368016.665821
#1586
-3004549.246775 2963625.921339 4772760.859510


#71000000000000
#1196
4143711.273418 701498.529770 5498890.587680
#1261
3912839.710789 1463066.008019 5518094.259239
#1326
3557403.504431 2167872.279456 5526793.924748
#1391
3087644.067197 2800244.310681 5524973.023898
#1392
2616890.637439 3260777.960973 5515383.167189
#1457
1949022.079220 3683061.097700 5525994.470258
#1522
1221054.923500 3983921.603125 5526086.728775
#16
450012.955763 4156347.756504 5515659.767122
#81
-346409.124720 4193822.386779 5494733.433613
#146
-1148938.885020 4090478.437481 5463347.562712
#211
-1935928.803116 3841755.749954 5421561.899210
#276
-2682864.560614 3445492.879113 5369455.984490
#1586
-3004764.759789 2963407.416516 4772760.859510


#72000000000000
#1196
4143246.586393 709036.350367 5498273.927170
#1261
3910624.624452 1470303.644626 5517740.773109
#1326
3553556.789589 2174399.889538 5526704.285878
#1391
3082381.273436 2805692.937789 5525147.402922
#1392
2611330.618325 3265910.212764 5514981.766421
#1457
1942409.813850 3686758.927590 5525856.831741
#1522
1213762.093583 3985974.309146 5526213.114512
#16
442451.456750 4156641.770242 5516049.936531
#81
-353812.834668 4192348.161968 5495386.643983
#146
-1155770.295451 4087330.495991 5464262.570621
#211
-1941810.881773 3837125.920628 5422736.962888
#276
-2687480.549409 3439657.261037 5370888.867138
#1586
-3004980.256912 2963188.896021 4772760.859510


#73000000000000
#1196
4142776.933125 716573.321088 5497650.676232
#1261
3908404.850701 1477539.518874 5517380.673217
#1326
3549705.815327 2180924.893305 5526608.022503
#1391
3077114.785022 2811138.201892 5525315.159306
#1392
2605767.469177 3271038.549919 5514573.755199
#1457
1935795.220238 3690452.338398 5525712.569734
#1522
1206467.808806 3988022.237436 5526332.876332
#16
434889.427399 4156930.801680 5516433.494204
#81
-361216.120523 4190868.912058 5496033.267386
#146
-1162600.320534 4084177.655281 5465171.028870
#211
-1947690.632907 3832491.491985 5423905.526680
#276
-2692093.316894 3433817.520064 5372315.312045
#1586
-3005195.738144 2962970.359854 4772760.859510


#74000000000000
#1196
4142302.314176 724109.432898 5497020.835613
#1261
3906180.392195 1484773.622090 5517013.959995
#1326
3545850.586261 2187447.282938 5526505.134737
#1391
3071844.608269 2816580.096465 5525476.292850
#1392
2600201.196663 3276162.966289 5514159.134010
#1457
1929178.306313 3694141.325697 5525561.684411
#1522
1199172.077915 3990065.385539 5526446.014092
#16
427326.876774 4157214.850473 5516810.439683
#81
-368618.973412 4189384.638823 5496673.303047
#146
-1169428.952083 4081019.919129 5466072.936369
#211
-1953568.049468 3827852.469581 5425067.589184
#276
-2696702.857540 3427973.663195 5373735.317503
#1586
-3005411.203482 2962751.808019 4772760.859510


#75000000000000
#1196
4141822.730114 731644.676765 5496384.406068
#1261
3903951.251602 1492005.945603 5516640.633882
#1326
3541991.107011 2193967.050619 5526395.622705
#1391
3066570.749493 2822018.614984 5525630.803360
#1456
2488656.546011 3361368.737954 5514347.631724
#1457
1922559.080006 3697825.885067 5525404.175951
#1522
1191874.909652 3992103.751007 5526552.527656
#16
419763.813939 4157493.916278 5517180.772516
#81
-376021.384460 4187895.344042 5497306.750199
#146
-1176256.181913 4077857.291321 5466968.292037
#211
-1959443.124414 3823208.858976 5426223.149008
#276
-2701309.165820 3422125.697434 5375148.881810
#1586
-3005626.652926 2962533.240514 4772760.859510


#76000000000000
#1196
4141338.181516 739179.043657 5495741.388360
#1261
3901717.431593 1499236.480744 5516260.695327
#1326
3538127.382204 2200484.188532 5526279.486537
#1391
3061293.215015 2827453.750930 5525778.690651
#1456
2482264.733250 3365417.223420 5514759.260963
#1457
1915937.549250 3701506.012090 5525240.044544
#1522
1184576.312766 3994137.331396 5526652.416896
#16
412200.247960 4157767.998763 5517544.492258
#81
-383423.344796 4186401.029499 5497933.608082
#146
-1183082.001839 4074689.775647 5467857.094801
#211
-1965315.850700 3818560.665736 5427372.204767
#276
-2705912.236215 3416273.629790 5376556.003270
#1586
-3005842.086476 2962314.657342 4772760.859510


#77000000000000
#1132
4339046.266515 588749.849550 5359691.419447
#1197
4079382.033230 1397373.998827 5413522.802609
#1262
3687265.259647 2127188.173446 5457049.237431
#1327
3182242.649685 2762500.657560 5490187.868872
#1392
2583483.705661 3291512.629298 5512875.615662
#1457
1909313.721984 3705181.702356 5525069.290386
#1522
1177276.296004 3996166.124270 5526745.681692
#16
404636.187904 4158037.097598 5517901.598473
#81
-390824.845547 4184901.696986 5498553.875945
#146
-1189906.403682 4071517.375904 5468739.343596
#211
-1971186.221289 3813907.895432 5428514.755084
#276
-2710512.063207 3410417.467279 5377956.680198
#1586
-3006057.504128 2962096.058504 4772760.859510


#78000000000000
#1132
4339868.659237 596135.046912 5358209.031609
#1197
4078458.886058 1404794.374597 5412297.744935
#1262
3684626.546041 2134225.228620 5456083.841890
#1327
3178020.374212 2768753.006255 5489483.973148
#1392
2577905.006438 3296621.301156 5512434.559661
#1457
1902687.606145 3708852.951458 5524891.913683
#1522
1169974.868116 3998190.127196 5526832.321934
#16
397071.642836 4158301.212461 5518252.090735
#81
-398225.877841 4183397.348300 5499167.553044
#146
-1196729.379259 4068340.095894 5469615.037364
#211
-1977054.229143 3809250.553642 5429650.798588
#276
-2715108.641282 3404557.216919 5379350.910915
#1586
-3006272.905883 2961877.444002 4772760.859510


#79000000000000
#1132
4340685.850038 603519.529725 5356720.221229
#1197
4077530.850300 1412213.066530 5411066.199888
#1262
3681983.415909 2141259.725635 5455111.906491
#1327
3173794.289450 2775002.036224 5488773.497532
#1392
2572323.217247 3301726.021567 5511986.896258
#1457
1896059.209677 3712519.754996 5524707.914647
#1522
1162672.037855 4000209.337748 5526912.337516
#16
389506.621824 4158560.343036 5518595.968622
#81
-405626.432807 4181887.985244 5499774.638644
#146
-1203550.920395 4065157.939426 5470484.175056
#211
-1982919.867229 3804588.645948 5430780.333918
#276
-2719701.964930 3398692.885735 5380738.693749
#1586
-3006488.291740 2961658.813835 4772760.859510


#80000000000000
#1132
4341497.837936 610903.289138 5355224.990093
#1197
4076597.927067 1419630.065734 5409828.168943
#1262
3679335.872421 2148291.656060 5454133.432400
#1327
3169564.400464 2781247.739977 5488056.442875
#1392
2566738.344776 3306826.784411 5511532.625991
#1457
1889428.540525 3716182.108576 5524517.293498
#1522
1155367.813973 4002223.753506 5526985.728343
#16
381941.133935 4158814.489011 5518933.231722
#81
-413026.501575 4180373.609628 5500375.132018
#146
-1210371.018911 4061970.910315 5471346.755629
#211
-1988783.128517 3799922.177938 5431903.359721
#276
-2724292.028647 3392824.480756 5382120.027037
#1586
-3006703.661696 2961440.168005 4772760.859510


#81000000000000
#1132
4342304.621960 618286.316301 5353723.339992
#1197
4075660.117479 1427045.363319 5408583.653585
#1262
3676683.918748 2155321.011466 5453148.420789
#1327
3165330.712325 2787490.110026 5487332.810038
#1392
2561150.395722 3311923.583573 5511071.749403
#1457
1882795.606636 3719840.007806 5524320.050464
#1522
1148062.205227 4004233.372055 5527052.494328
#16
374375.188238 4159063.650082 5519263.879631
#81
-420426.075275 4178854.223266 5500969.032445
#146
-1217189.666633 4058779.012380 5472202.778051
#211
-1994644.005978 3795251.155205 5433019.874649
#276
-2728878.826929 3386952.009016 5383494.909124
#1586
-3006919.015752 2961221.506514 4772760.859510


#82000000000000
#1132
4343106.201143 625668.602364 5352215.272727
#1197
4074717.422658 1434458.950396 5407332.655304
#1262
3674027.558070 2162347.783426 5452156.872839
#1327
3161093.230108 2793729.138890 5486602.599887
#1392
2555559.376780 3317016.412946 5510604.267047
#1457
1876160.415960 3723493.448303 5524116.185783
#1522
1140755.220371 4006238.190986 5527112.635389
#16
366808.793801 4159307.825951 5519587.911953
#81
-427825.145037 4177329.827980 5501556.339214
#146
-1224006.855387 4055582.249447 5473052.241294
#211
-2000502.492587 3790575.583348 5434129.877366
#276
-2733462.354280 3381075.477554 5384863.338361
#1586
-3007134.353906 2961002.829362 4772760.859510


#83000000000000
#1132
4343902.574522 633050.138478 5350700.790105
#1197
4073769.843735 1441870.818079 5406075.175601
#1262
3671366.793572 2169371.963519 5451158.789739
#1327
3156851.958891 2799964.819090 5485865.813298
#1392
2549965.294654 3322105.266423 5510130.179484
#1457
1869522.976452 3727142.425687 5523905.699699
#1522
1133446.868166 4008238.207898 5527166.151455
#16
359241.959695 4159547.016324 5519905.328299
#81
-435223.701992 4175800.425597 5502137.051620
#146
-1230822.577004 4052380.625347 5473895.144342
#211
-2006358.581322 3785895.467971 5435233.366540
#276
-2738042.605204 3375194.893414 5386225.313107
#1586
-3007349.676156 2960784.136552 4772760.859510


#84000000000000
#1132
4344693.741145 640430.915795 5349179.893942
#1197
4072817.381845 1449280.957484 5404811.215983
#1262
3668701.628442 2176393.543325 5450154.172685
#1327
3152606.903758 2806197.143151 5485122.451153
#1392
2544368.156048 3327190.137907 5509649.487282
#1457
1862883.296066 3730786.935585 5523688.592463
#1522
1126137.157371 4010233.420391 5527213.042462
#16
351674.694987 4159781.220915 5520216.128289
#81
-442621.737273 4174266.017950 5502711.168968
#146
-1237636.823312 4049174.143920 5474731.486182
#211
-2012212.265164 3781210.814685 5436330.340849
#276
-2742619.574213 3369310.263645 5387580.831732
#1586
-3007564.982502 2960565.428083 4772760.859510


#85000000000000
#1132
4345479.700062 647810.925469 5347652.586060
#1197
4071860.038131 1456689.359729 5403540.777965
#1262
3666032.065875 2183412.514428 5449143.022881
#1327
3148358.069798 2812426.103605 5484372.514345
#1392
2538767.967672 3332271.021301 5509162.191016
#1457
1856241.382762 3734426.973628 5523464.864336
#1522
1118826.096747 4012223.826075 5527253.308354
#16
344107.008751 4160010.439444 5520520.311551
#81
-450019.242012 4172726.606878 5503278.690569
#146
-1244449.586145 4045962.809007 5475561.265813
#211
-2018063.537096 3776521.629103 5437420.798978
#276
-2747193.255820 3363421.595299 5388929.892609
#1586
-3007780.272943 2960346.703957 4772760.859510


#86000000000000
#1132
4346260.450332 655190.158653 5346118.868290
#1197
4070897.813739 1464096.015934 5402263.863069
#1262
3663358.109070 2190428.868415 5448125.341539
#1327
3144105.462103 2818651.692984 5483616.003771
#1392
2533164.736237 3337347.910516 5508668.291271
#1457
1849597.244501 3738062.535454 5523234.515587
#1522
1111513.695059 4014209.422564 5527286.949082
#16
336538.910055 4160234.671635 5520817.877719
#81
-457416.207341 4171182.194227 5503839.615743
#146
-1251260.857335 4042746.624459 5476384.482241
#211
-2023912.390106 3771827.916848 5438504.739619
#276
-2751763.644543 3357528.895437 5390272.494121
#1586
-3007995.547477 2960127.964175 4772760.859510


#87000000000000
#1132
4347035.991018 662568.606503 5344578.742471
#1197
4069930.709824 1471500.917221 5400980.472826
#1262
3660679.761234 2197442.596875 5447101.129879
#1327
3139849.085770 2824873.903826 5482852.920339
#1392
2527558.468460 3342420.799466 5508167.788640
#1457
1842950.889246 3741693.616704 5522997.546491
#1522
1104199.961070 4016190.207478 5527313.964606
#16
328970.407971 4160453.917220 5521108.826437
#81
-464812.624395 4169632.781848 5504393.943818
#146
-1258070.628720 4039525.594129 5477201.134478
#211
-2029758.817181 3767129.683545 5439582.161474
#276
-2756330.734903 3351632.171119 5391608.634661
#1586
-3008210.806103 2959909.208739 4772760.859510


#88000000000000
#1132
4347806.321191 669946.260175 5343032.210448
#1197
4068958.727544 1478904.054715 5399690.608775
#1262
3657997.025575 2204453.691402 5446070.389129
#1327
3135588.945902 2831092.728673 5482083.264963
#1392
2521949.171061 3347489.682071 5507660.683721
#1457
1836302.324964 3745320.213026 5522753.957333
#1522
1096884.903548 4018166.178443 5527334.354894
#16
321401.511572 4160668.175936 5521393.157357
#81
-472208.484307 4168078.371597 5504941.674130
#146
-1264878.892136 4036299.721880 5478011.221546
#211
-2035602.811315 3762426.934826 5440653.063251
#276
-2760894.521427 3345731.429416 5392938.312625
#1586
-3008426.048820 2959690.437649 4772760.859510


#89000000000000
#1132
4348571.439928 677323.110825 5341479.274076
#1197
4067981.868065 1486305.419541 5398394.272461
#1262
3655309.905311 2211462.143592 5445033.120524
#1327
3131325.047605 2837308.160071 5481307.038566
#1392
2516336.850764 3352554.552256 5507146.977123
#1457
1829651.559624 3748942.320073 5522503.748404
#1522
1089568.531260 4020137.333089 5527348.119921
#16
313832.229929 4160877.447527 5521670.870137
#81
-479603.778214 4166518.965339 5505482.806021
#146
-1271685.639423 4033069.011577 5478814.742473
#211
-2041444.365502 3757719.676327 5441717.443667
#276
-2765454.998643 3339826.677399 5394261.526420
#1586
-3008641.275627 2959471.650907 4772760.859510


#90000000000000
#1323
4352448.170530 531595.353584 5354796.196206
#1324
4099074.393038 1130223.110094 5460808.167455
#1325
3808578.763086 1718615.391099 5517366.214313
#1326
3483592.054083 2291443.624988 5523958.138349
#1391
2987025.334114 2903186.843233 5527153.589927
#1456
2392470.437214 3421670.260304 5519827.790503
#1457
1822998.601199 3752559.933503 5522246.920004
#1522
1082250.852976 4022103.669055 5527355.259670
#16
306262.572116 4161081.731740 5521941.964445
#81
-486998.497251 4164954.564941 5506017.338844
#146
-1278490.862423 4029833.467094 5479611.696297
#211
-2047283.472741 3753007.913690 5442775.301445
#276
-2770012.161086 3333917.922147 5395578.274460
#1586
-3008856.486523 2959252.848514 4772760.859510


#91000000000000
#1323
4349754.284276 538517.543316 5356293.263252
#1324
4095939.888032 1137058.272564 5461741.106866
#1325
3805032.025889 1725301.626017 5517726.577244
#1326
3479665.204496 2297920.380776 5523742.661297
#1391
2981693.425665 2908570.461110 5527202.112109
#1456
2386034.800915 3425657.730315 5520140.219555
#1457
1816343.457662 3756173.048981 5521983.472442
#1522
1074931.877468 4024065.183984 5527355.774134
#16
298692.547206 4161281.028332 5522206.439956
#81
-494392.632553 4163385.172280 5506545.271957
#146
-1285294.552977 4026593.092307 5480402.082062
#211
-2053120.126033 3748291.652564 5443826.635318
#276
-2774566.003294 3328005.170741 5396888.555167
#1586
-3009071.681507 2959034.030471 4772760.859510


#92000000000000
#1323
4347055.184252 545439.087562 5357783.910053
#1324
4092800.473485 1143892.072115 5462667.499637
#1325
3801480.727844 1731985.792927 5518080.326430
#1326
3475734.184058 2304394.382194 5523520.563290
#1391
2976357.943250 2913950.592671 5527244.009190
#1456
2379596.304630 3429641.094211 5520446.031970
#1457
1809686.136991 3759781.662176 5521713.406032
#1522
1067611.613508 4026021.875524 5527349.663311
#16
291122.164272 4161475.337064 5522464.296352
#81
-501786.175259 4161810.789237 5507066.604728
#146
-1292096.702931 4023347.891103 5481185.898821
#211
-2058954.318381 3743570.898601 5444871.444025
#276
-2779116.519807 3322088.430268 5398192.366970
#1586
-3009286.860577 2958815.196779 4772760.859510


#93000000000000
#1323
4344350.873692 552359.978025 5359268.134823
#1324
4089656.153161 1150724.500556 5463587.344660
#1325
3797924.873208 1738667.883817 5518427.461447
#1326
3471798.997481 2310865.621482 5523291.844593
#1391
2971018.893267 2919327.231467 5527279.281117
#1456
2373154.956076 3433620.347216 5520745.227380
#1457
1803026.647165 3763385.768761 5521436.721099
#1522
1060290.069870 4027973.741331 5527336.927209
#16
283551.432389 4161664.657702 5522715.533324
#81
-509179.116507 4160231.417698 5507581.336532
#146
-1298897.304132 4020097.867369 5481963.145634
#211
-2064786.042794 3738845.657461 5445909.726315
#276
-2783663.705172 3316167.707822 5399489.708306
#1586
-3009502.023733 2958596.347439 4772760.859510


#94000000000000
#1323
4341641.355837 559280.206409 5360745.935782
#1324
4086506.930829 1157555.549698 5464500.640832
#1325
3794364.466244 1745347.890677 5518767.981879
#1326
3467859.649481 2317334.090884 5523056.505480
#1391
2965676.282114 2924700.371052 5527307.927850
#1456
2366710.762973 3437595.484561 5521037.805427
#1457
1796364.996167 3766985.364418 5521153.417974
#1522
1052967.255331 4029920.779063 5527317.565843
#16
275980.360630 4161848.990020 5522960.150573
#81
-516571.447433 4158647.059557 5508089.466751
#146
-1305696.348428 4016843.025002 5482733.821571
#211
-2070615.292279 3734115.934806 5446941.480942
#276
-2788207.553938 3310243.010498 5400780.577621
#1586
-3009717.170973 2958377.482453 4772760.859510


#95000000000000
#1323
4338926.633936 566199.764420 5362217.311159
#1324
4083352.810263 1164385.211352 5465407.387057
#1325
3790799.511218 1752025.805501 5519101.887319
#1326
3463916.144780 2323799.782647 5522814.546235
#1391
2960330.116195 2930070.004987 5527329.949354
#1456
2360263.733046 3441566.501480 5521323.765761
#1457
1789701.191982 3770580.444831 5520863.496997
#1522
1045643.178668 4031862.986389 5527291.579236
#16
268408.958072 4162028.333797 5523198.147803
#81
-523963.159179 4157057.716712 5508590.994778
#146
-1312493.827670 4013583.367903 5483497.925706
#211
-2076442.059851 3729381.736305 5447966.706671
#276
-2792748.060658 3304314.345399 5402064.973367
#1586
-3009932.302296 2958158.601821 4772760.859510


#96000000000000
#1323
4336206.711241 573118.643764 5363682.259191
#1324
4080193.795245 1171213.477333 5466307.582250
#1325
3787230.012405 1758701.620284 5519429.177365
#1326
3459968.488105 2330262.689020 5522565.967146
#1391
2954980.401919 2935436.126835 5527345.345602
#1456
2353813.874022 3445533.393215 5521603.108039
#1457
1783035.242596 3774171.005691 5520566.958516
#1522
1038317.848659 4033800.360979 5527258.967420
#16
260837.233789 4162202.688818 5523429.524731
#81
-531354.242884 4155463.391070 5509085.920010
#146
-1319289.733709 4010318.899980 5484255.457124
#211
-2082266.338526 3724643.067635 5448985.402271
#276
-2797285.219891 3298381.719630 5403342.894005
#1586
-3010147.417701 2957939.705546 4772760.859510


#97000000000000
#1323
4333481.591015 580036.836147 5365140.778120
#1324
4077029.889560 1178040.339455 5467201.225330
#1325
3783655.974082 1765375.327024 5519749.851627
#1326
3456016.684188 2336722.802257 5522310.768512
#1391
2949627.145697 2940798.730164 5527354.116576
#1456
2347361.193632 3449496.155010 5521875.831925
#1457
1776367.156001 3777757.042695 5520263.802885
#1522
1030991.274085 4035732.900511 5527219.730433
#16
253265.196858 4162372.054874 5523654.281078
#81
-538744.689689 4153864.084540 5509574.241854
#146
-1326084.058401 4007049.625145 5485006.414917
#211
-2088088.121321 3719899.934474 5449997.566522
#276
-2801819.026197 3292445.140303 5404614.338002
#1586
-3010362.517186 2957720.793627 4772760.859510


#98000000000000
#1323
4330751.276521 586954.333277 5366592.866201
#1324
4073861.097001 1184865.789535 5468088.315228
#1325
3780077.400533 1772046.917722 5520063.909718
#1326
3452060.737766 2343180.114614 5522048.950639
#1391
2944270.353947 2946157.808547 5527356.262266
#1456
2340905.699612 3453454.782116 5522141.937093
#1457
1769696.940189 3781338.551544 5519954.030469
#1522
1023663.463728 4037660.602670 5527173.868323
#16
245692.856353 4162536.431761 5523872.416575
#81
-546134.490734 4152259.799040 5510055.959725
#146
-1332876.793601 4003775.547316 5485750.798185
#211
-2093907.401259 3715152.342508 5451003.198211
#276
-2806349.474143 3286504.614533 5405879.303835
#1586
-3010577.600752 2957501.866066 4772760.859510


#99000000000000
#1323
4328015.771035 593871.126863 5368038.521690
#1324
4070687.421366 1191689.819393 5468968.850879
#1325
3776494.296048 1778716.384382 5520371.351263
#1326
3448100.653581 2349634.618352 5521780.513840
#1391
2938910.033089 2951513.355559 5527351.782668
#1456
2334447.399698 3457409.269787 5522401.423225
#1457
1763024.603154 3784915.527946 5519637.641638
#1522
1016334.426372 4039583.465144 5527121.381145
#16
238120.221353 4162695.819284 5524083.930961
#81
-553523.637164 4150650.536493 5510531.073047
#146
-1339667.931167 4000496.670419 5486488.606036
#211
-2099724.171365 3710400.297427 5452002.296133
#276
-2810876.558298 3280560.149441 5407137.789987
#1586
-3010792.668396 2957282.922864 4772760.859510


#100000000000000
#1323
4325275.077834 600787.208614 5369477.742857
#1324
4067508.866460 1198512.420850 5469842.831228
#1325
3772906.664923 1785383.719008 5520672.175894
#1326
3444136.436378 2356086.305733 5521505.458437
#1391
2933546.189548 2956865.364782 5527340.677789
#1456
2327986.301632 3461359.613284 5522654.290008
#1457
1756350.152895 3788487.967612 5519314.636772
#1522
1009004.170800 4041501.485629 5527062.268961
#16
230547.300932 4162850.217250 5524288.823982
#17
-428014.402678 4157189.233759 5516776.445155
#82
-1199835.385704 3989879.842395 5526436.002566
#147
-1929779.939615 3693806.146121 5525575.674944
#212
-2600707.350326 3275697.272433 5514197.099972
#1586
-3011007.720118 2957063.964023 4772760.859510


#101000000000000
#1323
4322529.200203 607702.570239 5370910.527975
#1324
4064325.436092 1205333.585726 5470710.255228
#1325
3769314.511456 1792048.913609 5520966.383249
#1326
3440168.090911 2362535.169025 5521223.784760
#1391
2928178.829753 2962213.829800 5527322.947642
#1456
2321522.413158 3465305.807871 5522900.537140
#1457
1749673.597412 3792055.866261 5518985.016258
#1522
1001672.705801 4043414.661825 5526996.531842
#16
222974.104170 4162999.625474 5524487.095394
#17
-435576.906289 4156904.731984 5516398.898549
#82
-1207130.985492 3987836.259628 5526322.262614
#147
-1936396.642930 3690116.756502 5525725.958156
#212
-2606273.339173 3270572.499374 5514611.120274
#1586
-3011222.755915 2956844.989544 4772760.859510


#102000000000000
#1323
4319778.141434 614617.203451 5372336.875328
#1324
4061137.134078 1212153.305846 5471571.121839
#1325
3765717.839953 1798711.960196 5521253.972976
#1326
3436195.621934 2368981.200498 5520935.493147
#1391
2922807.960139 2967558.744202 5527298.592247
#1456
2315055.742024 3469247.848818 5523140.164326
#1457
1742994.944708 3795619.219616 5518648.780490
#1522
994340.040160 4045322.991440 5526924.169867
#16
215400.640143 4163144.043779 5524678.744957
#17
-443138.887802 4156615.247595 5516014.739790
#82
-1214425.138370 3985787.896898 5526201.898613
#147
-1943011.025211 3686422.943776 5525869.618034
#212
-2611836.204048 3265443.806089 5515018.530567
#1586
-3011437.775788 2956625.999427 4772760.859510


#103000000000000
#1323
4317021.904824 621531.099960 5373756.783206
#1324
4057943.964240 1218971.573036 5472425.430028
#1325
3762116.654727 1805372.850783 5521534.944731
#1326
3432219.034211 2375424.392425 5520640.583942
#1391
2917433.587142 2972900.101583 5527267.611634
#1456
2308586.295982 3473185.731401 5523373.171278
#1457
1736314.202787 3799178.023406 5518305.929873
#1522
987006.182668 4047226.472186 5526845.183123
#16
207826.917929 4163283.471990 5524863.772442
#17
-450700.338154 4156320.780938 5515623.969337
#82
-1221717.835595 3983734.756660 5526074.910709
#147
-1949623.078529 3682724.712372 5526006.654407
#212
-2617395.938283 3260311.198727 5515419.330361
#1586
-3011652.779735 2956406.993674 4772760.859510


#104000000000000
#1323
4314260.493678 628444.251480 5375170.249906
#1324
4054745.930405 1225788.379123 5473273.178773
#1325
3758510.960093 1812031.577385 5521809.298176
#1326
3428238.332507 2381864.737084 5520339.057501
#1391
2912055.717205 2978237.895539 5527230.005841
#1456
2302114.082785 3477119.450899 5523599.557718
#1457
1729631.379658 3802732.273365 5517956.464817
#1522
979671.142115 4049125.101781 5526759.571705
#16
200252.946606 4163417.909940 5525042.177628
#17
-458261.248279 4156021.332366 5515226.587661
#82
-1229009.068424 3981676.841375 5525941.299054
#147
-1956232.794960 3679022.066722 5526137.067111
#212
-2622952.535213 3255174.683439 5515813.519175
#1586
-3011867.767755 2956187.972286 4772760.859510


#105000000000000
#1323
4311493.911304 635356.649724 5376577.273735
#1324
4051543.036406 1232603.715936 5474114.367056
#1325
3754900.760373 1818688.132022 5522077.032982
#1326
3424253.521594 2388302.226754 5520030.914183
#1391
2906674.356774 2983572.119672 5527185.774912
#1456
2295639.110193 3481049.002597 5523819.323373
#1457
1722946.483331 3806281.965233 5517600.385740
#1522
972334.927293 4051018.877950 5526667.335715
#16
192678.735253 4163547.357469 5525213.960300
#17
-465821.609116 4155716.902239 5514822.595236
#82
-1236298.828119 3979614.153509 5525801.063808
#147
-1962840.166579 3675315.011265 5526260.855989
#212
-2628505.988179 3250034.266382 5516201.096538
#1586
-3012082.739847 2955968.935265 4772760.859510


#106000000000000
#1323
4308722.161019 642268.286407 5377977.853005
#1324
4048335.286083 1239417.575306 5474948.993870
#1325
3751286.059895 1825342.506713 5522338.148830
#1326
3420264.606248 2394736.853719 5519716.154359
#1391
2901289.512299 2988902.767589 5527134.918900
#1456
2289161.385964 3484974.381785 5524032.467981
#1457
1716259.521818 3809827.094755 5517237.693071
#1522
964997.546995 4052907.798423 5526568.475263
#16
185104.292948 4163671.814420 5525379.120253
#17
-473381.411603 4155407.490920 5514411.992548
#82
-1243587.105943 3977546.695535 5525654.205139
#147
-1969445.185468 3671603.550443 5526378.020893
#212
-2634056.290523 3244889.953718 5516582.061985
#1586
-3012297.696009 2955749.882610 4772760.859510


#107000000000000
#1323
4305945.246146 649179.153244 5379371.986039
#1324
4045122.683280 1246229.949065 5475777.058215
#1325
3747666.862991 1831994.693484 5522592.645405
#1326
3416271.591250 2401168.610267 5519394.778405
#1391
2895901.190234 2994229.832900 5527077.437866
#1456
2282680.917866 3488895.583759 5524238.991286
#1457
1709570.503136 3813367.657682 5516868.387242
#1522
957659.010017 4054791.860936 5526462.990469
#16
177529.628771 4163791.280646 5525537.657290
#81
-612612.179754 4137597.495137 5514094.149128
#82
-1250873.893158 3975474.469932 5525500.723223
#147
-1976047.843710 3667887.688706 5526488.561683
#212
-2639603.435593 3239741.751612 5516956.415060
#1586
-3012512.636241 2955530.814325 4772760.859510


#108000000000000
#1323
4303163.170013 656089.241952 5380759.671166
#1324
4041905.231848 1253040.829049 5476598.559096
#1325
3744043.173999 1838644.684361 5522840.522404
#1326
3412274.481387 2407597.488689 5519066.786707
#1391
2890509.397039 2999553.309220 5527013.331880
#1456
2276197.713664 3492812.603817 5524438.893040
#1457
1702879.435301 3816903.649770 5516492.468698
#1522
950319.325155 4056671.063229 5526350.881458
#16
169954.751800 4163905.756002 5525689.571218
#81
-619995.036174 4135943.526681 5514509.796820
#82
-1258159.181031 3973397.479182 5525340.618244
#147
-1982648.133390 3664167.430507 5526592.478225
#212
-2645147.416739 3234589.666236 5517324.155313
#1586
-3012727.560541 2955311.730409 4772760.859510


#109000000000000
#1323
4300375.935954 662998.544248 5382140.906721
#1324
4038682.935644 1259850.207094 5477413.495531
#1325
3740414.997263 1845292.471372 5523081.779528
#1326
3408273.281450 2414023.481278 5518732.179658
#1391
2885114.139175 3004873.190169 5526942.601017
#1456
2269711.781130 3496725.437265 5524632.173004
#1457
1696186.326334 3820435.066781 5516109.937888
#1522
942978.501206 4058545.403052 5526232.148365
#16
162379.671116 4164015.240352 5525834.861858
#81
-627377.149445 4134284.600735 5514918.834623
#82
-1265442.960829 3971315.725776 5525173.890394
#147
-1989246.046597 3660442.780307 5526689.770396
#212
-2650688.227318 3229433.703765 5517685.282303
#1586
-3012942.468908 2955092.630863 4772760.859510


#110000000000000
#1323
4297583.547310 669907.051850 5383515.691049
#1324
4035455.798530 1266658.075037 5478221.866542
#1325
3736782.337132 1851938.046549 5523316.416488
#1326
3404267.996234 2420446.580332 5518390.957659
#1391
2879715.423111 3010189.469368 5526865.245363
#1456
2263223.128038 3500634.079412 5524818.830946
#1457
1689491.184257 3823961.904481 5515720.795272
#1522
935636.546969 4060414.878157 5526106.791333
#16
154804.395797 4164119.733564 5525973.529034
#81
-634758.510720 4132620.719288 5515321.262046
#82
-1272725.223823 3969229.212209 5525000.539873
#147
-1995841.575422 3656713.742568 5526780.438079
#212
-2656225.860686 3224273.870379 5518039.795599
#1586
-3013157.361341 2954873.515690 4772760.859510


#111000000000000
#1323
4294786.007430 676814.756477 5384884.022502
#1324
4032223.824374 1273464.424718 5479023.671160
#1325
3733145.197959 1858581.401927 5523544.433003
#1326
3400258.630540 2426866.778152 5518043.121120
#1391
2874313.255316 3015502.140447 5526781.265011
#1456
2256731.762166 3504538.525574 5524998.866642
#1457
1682794.017095 3827484.158644 5515325.041315
#1522
928293.471244 4062279.486303 5525974.810511
#16
147228.934924 4164219.235513 5526105.572580
#81
-642139.111150 4130951.884334 5515717.078608
#82
-1280005.961282 3967137.940981 5524820.566888
#147
-2002434.711961 3652980.321762 5526864.481164
#212
-2661760.310207 3219110.172263 5518387.694774
#1586
-3013372.237840 2954654.384890 4772760.859510


#112000000000000
#1323
4291983.319664 683721.649850 5386245.899441
#1324
4028987.017050 1280269.247979 5479818.908424
#1325
3729503.584106 1865222.529543 5523765.828801
#1326
3396245.189175 2433284.067043 5517688.670456
#1391
2868907.642267 3020811.197037 5526690.660060
#1456
2250237.691294 3508438.771071 5525172.279877
#1457
1676094.832877 3831001.825048 5514922.676492
#1522
920949.282834 4064139.225256 5525836.206058
#16
139653.297578 4164313.746080 5526230.992339
#81
-649518.941890 4129278.097873 5516106.283834
#82
-1287285.164480 3965041.914600 5524633.971656
#147
-2009025.448309 3649242.522362 5526941.899553
#212
-2667291.569247 3213942.615606 5518728.979413
#1586
-3013587.098402 2954435.238465 4772760.859510


#113000000000000
#1323
4289175.487374 690627.723690 5387601.320233
#1324
4025745.380439 1287072.536663 5480607.577381
#1325
3725857.499935 1871861.421437 5523980.603615
#1326
3392227.676949 2439698.439313 5517327.606093
#1391
2863498.590442 3026116.632774 5526593.430621
#1456
2243740.923207 3512334.811228 5525339.070443
#1457
1669393.639631 3834514.899475 5514513.701285
#1522
913603.990541 4065994.092786 5525690.978140
#16
132077.492838 4164403.265152 5526349.788159
#81
-656897.994093 4127599.361911 5516488.877258
#82
-1294562.824692 3962941.135578 5524440.754399
#147
-2015613.776568 3645500.348850 5527012.693150
#212
-2672819.631176 3208771.206603 5519063.649105
#1586
-3013801.943026 2954216.076414 4772760.859510


#114000000000000
#1323
4286362.513925 697532.969719 5388950.283253
#1324
4022498.918424 1293874.282617 5481389.677085
#1325
3722206.949819 1878498.069650 5524188.757188
#1326
3388206.098678 2446109.887272 5516959.928463
#1391
2858086.106326 3031418.441300 5526489.576809
#1456
2237241.465692 3516226.641374 5525499.238139
#1457
1662690.445390 3838023.377716 5514098.116185
#1522
906257.603170 4067844.086669 5525539.126931
#16
124501.529785 4164487.792620 5526461.959898
#81
-664276.258914 4125915.678461 5516864.858421
#82
-1301838.933195 3960835.606433 5524240.915350
#147
-2022199.688839 3641753.805711 5527076.861873
#212
-2678344.489368 3203595.951452 5519391.703450
#1586
-3014016.771712 2953996.898741 4772760.859510


#115000000000000
#1323
4283544.402688 704437.379659 5390292.786884
#1324
4019247.634899 1300674.477686 5482165.206600
#1325
3718551.938132 1885132.466228 5524390.289271
#1326
3384180.459181 2452518.403237 5516585.638008
#1391
2852670.196405 3036716.616259 5526379.098748
#1456
2230739.326539 3520114.256846 5525652.782775
#1521
1532818.312550 3891273.908217 5514408.072671
#1522
898910.129525 4069689.204690 5525380.652613
#16
116925.417500 4164567.328385 5526567.507422
#81
-671653.727511 4124227.049540 5517234.226871
#82
-1309113.481267 3958725.329688 5524034.454748
#147
-2028783.177230 3638002.897435 5527134.405643
#212
-2683866.137200 3198416.856356 5519713.142055
#1586
-3014231.584459 2953777.705445 4772760.859510


#116000000000000
#1323
4280721.157042 711340.945236 5391628.829517
#1324
4015991.533759 1307473.113720 5482934.164995
#1325
3714892.469256 1891764.603220 5524585.199621
#1326
3380150.763285 2458923.979525 5516204.735176
#1391
2847250.867171 3042011.151301 5526261.996572
#1456
2224234.513542 3523997.652982 5525799.704165
#1521
1525596.202986 3893529.441643 5514818.737955
#1522
891561.578415 4071529.444635 5525215.555376
#16
109349.165064 4164641.872349 5526666.430605
#81
-679030.391039 4122533.477174 5517596.982168
#82
-1316386.460188 3956610.307874 5523821.372841
#147
-2035364.233849 3634247.628518 5527185.324392
#212
-2689384.568053 3193233.927523 5520027.964534
#1586
-3014446.381265 2953558.496528 4772760.859510


#117000000000000
#1323
4277892.780370 718243.658174 5392958.409551
#1324
4012730.618909 1314270.182570 5483696.551349
#1325
3711228.547576 1898394.472674 5524773.488006
#1326
3376117.015818 2465326.608459 5515817.220424
#1391
2841828.125121 3047302.040079 5526138.270420
#1456
2217727.034498 3527876.825128 5525940.002133
#1521
1518372.264787 3895780.308145 5515222.792979
#1522
884211.958648 4073364.804299 5525043.835418
#16
101772.781558 4164711.424425 5526758.729327
#81
-686406.240657 4120834.963391 5517953.123875
#82
-1323657.861242 3954490.543525 5523601.669884
#147
-2041942.850807 3630488.003463 5527229.618059
#148
-2603767.609224 3287436.991667 5505760.007753
#1586
-3014661.162129 2953339.271991 4772760.859510


#118000000000000
#1323
4275059.276062 725145.510199 5394281.525392
#1324
4009464.894255 1321065.676089 5484452.364748
#1325
3707560.177485 1905022.066645 5524955.154200
#1326
3372079.221618 2471726.282364 5515423.094215
#1391
2836401.976753 3052589.276252 5526007.920441
#1456
2211216.897207 3531751.768635 5526073.676513
#1521
1511146.506613 3898026.505026 5515620.237259
#1522
876861.279032 4075195.281482 5524865.492944
#16
94196.276064 4164775.984529 5526844.403479
#81
-693781.267523 4119131.510228 5518302.651566
#82
-1330927.675712 3952366.039182 5523375.346140
#147
-2048519.020219 3626724.026774 5527267.286591
#148
-2610101.155095 3283312.431384 5505222.287800
#1586
-3014875.927050 2953120.031836 4772760.859510


#119000000000000
#1323
4272220.647516 732046.493040 5395598.175454
#1324
4006194.363714 1327859.586132 5485201.604286
#1325
3703887.363380 1911647.377188 5525130.197985
#1326
3368037.385522 2478122.993570 5515022.357023
#1391
2830972.428573 3057872.853483 5525870.946791
#1456
2204704.109472 3535622.478858 5526200.727142
#1521
1503918.937125 3900268.029593 5516011.070320
#1522
869509.548379 4077020.873990 5524680.528169
#16
86619.657663 4164835.552584 5526923.452957
#81
-701155.462799 4117423.119726 5518645.564822
#82
-1338195.894885 3950236.797391 5523142.401881
#147
-2055092.734203 3622955.702964 5527298.329942
#148
-2616431.572406 3279183.935606 5504677.969090
#1586
-3015090.676026 2952900.776063 4772760.859510


