35175073843 35175073843
1035184419574 35184419574
2035189072443 35189072443
3035187836668 35187836668
4035186999094 35186999094
5035186559563 35186559563
6035186517943 35186517943
7035186874111 35186874111
8035187627956 35187627956
9035039235965 35039235965
10035040916749 35040916749
11035042922142 35042922142
12035045251647 35045251647
13035047904791 35047904791
14035050881151 35050881151
15035054180333 35054180333
16035057801979 35057801979
17035061745775 35061745775
18035066011427 35066011427
19035070598691 35070598691
20035075419495 35075419495
21035079735233 35079735233
22035084372044 35084372044
23035089329825 35089329825
24035094608500 35094608500
25035100208023 35100208023
26034874311931 34874311931
27034875720942 34875720942
28034876616254 34876616254
29034877624080 34877624080
30034878888333 34878888333
31034880409054 34880409054
32034882186323 34882186323
33034884220272 34884220272
34034574453775 34574453775
35034572442633 34572442633
36034607489737 34607489737
37034605041245 34605041245
38034602821074 34602821074
39034600828724 34600828724
40034599063755 34599063755
41034597525790 34597525790
42034596214511 34596214511
43034595129668 34595129668
44034594271062 34594271062
45034593638570 34593638570
46034593232111 34593232111
47034593051686 34593051686
48034593097346 34593097346
49034593369203 34593369203
50034593867439 34593867439
51034594592292 34594592292
52034595544057 34595544057
53034596723102 34596723102
54034579030598 34579030598
55034575586607 34575586607
56034572401572 34572401572
57034569475892 34569475892
58034684124828 34684124828
59034680242580 34680242580
60034676666081 34676666081
61034673395293 34673395293
62034670430217 34670430217
63034667770907 34667770907
64034665417476 34665417476
65034663370072 34663370072
66034661628901 34661628901
67034660194213 34660194213
68034659066305 34659066305
69034658245522 34658245522
70034657732253 34657732253
71034657526935 34657526935
72034657630042 34657630042
73034658042097 34658042097
74034658763660 34658763660
75034659120414 34659120414
76034659548737 34659548737
77035096094976 35096094976
78035101048671 35101048671
79035106351597 35106351597
80035112003801 35112003801
81035118005381 35118005381
82035124356471 35124356471
83035131057252 35131057252
84035138107950 35138107950
85035145508828 35145508828
86035153260191 35153260191
87035161362379 35161362379
88035169815774 35169815774
89035178620782 35178620782
90035178551963 35178551963
91035176670475 35176670475
92035175186384 35175186384
93035174099442 35174099442
94035173409423 35173409423
95035173116125 35173116125
96035173219354 35173219354
97035173718948 35173718948
98035174614745 35174614745
99035175906609 35175906609
100035035229387 35035229387
101035037359213 35037359213
102035039812107 35039812107
103035042587562 35042587562
104035045685117 35045685117
105035049104343 35049104343
106035052844840 35052844840
107035056776917 35056776917
108035060244816 35060244816
109035064033050 35064033050
110035068141392 35068141392
111035072569641 35072569641
112035077317629 35077317629
113035082385232 35082385232
114035087772343 35087772343
115035092667206 35092667206
116035097779049 35097779049
117034862305969 34862305969
118034863146792 34863146792
119034864242728 34864242728
