4202200.377650 303836.142892 5490850.260602
4057905.417859 945487.263767 5526273.468963
3876861.438221 1578575.905569 5511649.889025
3660708.001053 2197368.719522 5447111.954192
3411402.625352 2796261.822079 5333244.129995
3131203.059207 3369831.544564 5171077.621084
2822646.833279 3912883.550750 4962081.032475
2488528.280531 4420499.877576 4708147.069639
2131873.230317 4888083.472979 4411575.397865
1755911.606000 5311399.827512 4075051.816139
1364048.174270 5686615.322717 3701623.934129
959831.711045 6010331.948965 3294673.572561
546922.863211 6279618.078360 2857886.136926
129060.997236 6492035.014014 2395217.241881
-289969.665117 6645659.075265 1910856.888585
-706374.317279 6739099.018825 1409191.519403
-1116381.934239 6771508.638095 894764.293602
-1516279.423527 6742594.426545 372233.943800


4200755.077090 311242.118835 5491541.325144
4056029.416094 952827.699437 5526389.938374
3874571.724614 1585784.324844 5511190.708540
3658025.311604 2204379.841841 5446081.282220
3408351.254913 2803012.153634 5331651.300462
3127810.641460 3376259.953306 5168937.058900
2818944.090486 3918931.820013 4959412.122903
2484548.745303 4426113.233298 4704973.982738
2127652.941941 4893211.079741 4407926.869601
1751488.784062 5315995.248913 4070960.888149
1359462.872530 5690636.941909 3697127.654490
955125.454706 6013743.345542 3289812.660277
542138.272859 6282388.358187 2852704.613173
124241.402861 6494139.089008 2389762.031340
-294780.616521 6647077.890597 1905177.394487
-711133.056991 6739819.725483 1403339.176125
-1121045.366376 6771524.709248 888792.100872
-1520805.315324 6741905.716649 366195.986721


4199304.741356 318647.721711 5492225.807328
4054148.552628 960166.993014 5526499.783656
3872277.366807 1592990.843342 5510724.922144
3655338.237515 2211388.321912 5445044.082381
3405295.799102 2809759.125397 5330052.080221
3124414.474608 3382684.315141 5166790.301044
2815237.968805 3924975.391905 4956737.268803
2480566.232006 4431721.283722 4701795.256286
2123430.103285 4898332.821325 4404273.057838
1747063.862727 5320584.298372 4066865.080559
1354875.941289 5694651.740101 3692626.943341
950418.053519 6017147.533832 3284947.804706
537353.032680 6285151.107719 2847519.670066
119421.659566 6496235.379894 2384303.956343
-299591.214590 6648488.738503 1899495.616774
-715890.944313 6740532.353551 1397485.150755
-1125707.454787 6771532.663809 882818.842805
-1525329.384230 6741208.925665 360157.590706


4197849.372184 326052.942645 5492903.706333
4052262.829714 967505.135700 5526603.004678
3869978.367549 1600195.452424 5510252.530397
3652646.782007 2218394.151334 5444000.355916
3402236.261581 2816502.729283 5328446.471189
3121014.562721 3389104.622369 5164637.350088
2811528.472680 3931014.259180 4954056.473380
2476580.745414 4437324.022126 4698610.894095
2119204.719409 4903448.691592 4400613.966955
1742636.847299 5325166.970388 4062764.398279
1350287.386046 5698659.712479 3688121.806077
945709.513127 6020544.509753 3280079.011679
532567.148411 6287906.323644 2842331.313819
114601.773128 6498323.884160 2378843.023435
-304401.453558 6649891.617292 1893811.562258
-720647.973543 6741236.902176 1391629.450309
-1130368.193885 6771532.501768 876844.526559
-1529851.624821 6740504.054426 354118.762994


4196388.971319 333457.772761 5493575.021348
4050372.249612 974842.118700 5526699.601315
3867674.729597 1607398.143454 5509773.533863
3649950.948306 2225397.321709 5442950.104078
3399172.646019 2823242.957208 5326834.475290
3117610.909874 3395520.867296 5162478.208612
2807815.606555 3937048.414600 4951369.739848
2472592.290303 4442921.441795 4695420.899981
2114976.795379 4908558.684409 4396949.601339
1738207.743084 5329743.259469 4058658.846224
1345697.212299 5702660.854239 3683612.248098
940999.839174 6023934.269235 3275206.287032
527780.625787 6290654.002659 2837139.550653
109781.749325 6500404.599303 2373379.239161
-309211.327660 6651286.525283 1888125.237752
-725404.138979 6741933.370513 1385772.081806
-1135027.578083 6771524.223126 870869.159296
-1534372.031677 6739791.103777 348079.510822


4194923.540513 340862.203182 5494239.751566
4048476.814590 982177.933219 5526789.573453
3865366.455711 1614598.907799 5509287.933118
3647250.739643 2232397.824643 5441893.328126
3396104.956086 2829979.801092 5325216.094456
3114203.520147 3401933.042229 5160312.879205
2804099.374883 3943077.850934 4948677.071426
2468600.871454 4448513.536019 4692225.277766
2110746.336262 4913662.793653 4393279.965382
1733776.555391 5334313.160128 4054548.429315
1341105.425552 5706655.160586 3679098.274810
936289.037304 6027316.808213 3270329.636606
522993.470547 6293394.141471 2831944.386789
104961.593933 6502477.522827 2367912.610069
-314020.831130 6652673.460804 1882436.650071
-730159.434919 6742621.757728 1379913.052268
-1139685.601797 6771507.827892 864892.748178
-1538890.599380 6739070.074574 342039.841429


4193453.081521 348266.225033 5494897.896193
4046576.526918 989512.570465 5526872.920982
3863053.548659 1621797.736828 5508795.728742
3644546.159255 2239395.651746 5440830.029325
3393033.195461 2836713.252862 5323591.330628
3110792.397624 3408341.139484 5158141.364463
2800379.782117 3949102.560953 4945978.471343
2464606.493653 4454100.298096 4689024.031283
2106513.347128 4918761.013204 4389605.063482
1729343.289531 5338876.666889 4050433.152480
1336512.031308 5710642.626732 3674579.891623
931577.113165 6030692.122633 3265449.066245
518205.688428 6296126.736795 2826745.828456
100141.312730 6504542.652250 2362443.142712
-318829.958204 6654052.422192 1876745.806034
-734913.855663 6743302.062994 1374052.368716
-1144342.259442 6771483.316087 858915.300369
-1543407.322514 6738340.967680 335999.762055


4191977.596106 355669.829440 5495549.454438
4044671.388875 996846.021645 5526949.643804
3860736.011213 1628994.621913 5508296.921327
3641837.210383 2246390.794628 5439760.208950
3389957.367824 2843443.304446 5321960.185753
3107377.546394 3414745.151380 5155963.666988
2796656.832715 3955122.537436 4943273.942833
2460609.161685 4459681.721328 4685817.164368
2102277.833053 4923853.336953 4385924.900045
1724907.950818 5343433.774280 4046313.020650
1331917.035073 5714623.247897 3670057.103953
926864.072405 6034060.208449 3260564.581800
513417.285169 6298851.785357 2821543.881884
95320.911494 6506599.985095 2356970.843646
-323638.703116 6655423.407795 1871052.712463
-739667.395514 6743974.285497 1368190.038175
-1148997.545438 6771450.687740 852936.823033
-1547922.195664 6737603.783969 329959.279940


4190497.086037 363073.007529 5496194.425520
4042761.402743 1004178.277970 5527019.741827
3858413.846150 1636189.554426 5507791.511471
3639123.896275 2253383.244906 5438683.868284
3386877.476863 2850169.947776 5320322.661786
3103958.970550 3421145.070239 5153779.789390
2792930.531140 3961137.773168 4940563.489138
2456608.880344 4465257.799026 4682604.680864
2098039.799112 4928939.758794 4382239.479481
1720470.544569 5347984.476841 4042188.038765
1327320.442354 5718597.019310 3665529.917221
922149.920672 6037421.061626 3255676.189126
508628.266510 6301569.283889 2816338.553308
90500.396003 6508649.518896 2351495.719431
-328447.060104 6656786.415970 1865357.376180
-744420.048773 6744638.424432 1362326.067673
-1153651.454205 6771409.942889 846957.323336
-1552435.213420 6736858.524325 323918.402324


4189011.553088 370475.750425 5496832.808668
4040846.570814 1011509.330651 5527083.214965
3856087.056254 1643382.525744 5507279.499778
3636406.220183 2260372.994199 5437601.008617
3383793.526270 2856893.174791 5318678.760689
3100536.674190 3427540.888391 5151589.734287
2789200.881858 3967148.260939 4937847.113507
2452605.654423 4470828.524507 4679386.584623
2093799.250385 4934020.272632 4378548.806208
1716031.076103 5352528.769117 4038058.211768
1322722.258661 5722563.936208 3660998.336854
917434.663617 6040774.678133 3250783.894082
503838.638191 6304279.229135 2811129.848969
85679.772036 6510691.251196 2346017.776629
-333255.023403 6658141.445081 1859659.804014
-749171.809744 6745294.479001 1356460.464239
-1158303.980163 6771361.081584 840976.808446
-1556946.370371 6736105.189641 317877.136448


4187520.999040 377878.049255 5497464.603114
4038926.895381 1018839.170901 5527140.063144
3853755.644314 1650573.527244 5506760.886863
3633684.185363 2267360.034127 5436511.631247
3380705.519740 2863612.977431 5317028.484434
3097110.661415 3433932.598171 5149393.504304
2785467.889341 3973153.993543 4935124.819196
2448599.488721 4476393.891092 4676162.879502
2089556.191955 4939094.872377 4374852.884649
1711589.550740 5357066.645659 4033923.544610
1318122.489507 5726523.993836 3656462.368283
912718.306892 6044121.053951 3245887.702532
499048.405953 6306981.617846 2805917.775108
80859.045369 6512725.179550 2340537.021806
-338062.587251 6659488.493507 1853960.002793
-753922.672730 6745942.448419 1350593.234902
-1162955.117737 6771304.103884 834995.285531
-1561455.661110 6735343.780821 311835.489552


4186025.425679 385279.895148 5498089.808103
4037002.378745 1026167.789934 5527190.286294
3851419.613125 1657762.550308 5506235.673347
3630957.795080 2274344.356316 5435415.737479
3377613.460976 2870329.347643 5315371.834998
3093680.936333 3440320.191915 5147191.102074
2781731.558062 3979154.963783 4932396.609467
2444590.388040 4481953.892112 4672933.569364
2085310.628909 4944163.551946 4371151.719235
1707145.973804 5361598.101030 4029784.042248
1313521.140403 5730477.187448 3651922.016946
908000.856150 6047460.185070 3240987.620344
494257.575537 6309676.446783 2800702.337974
76038.221782 6514751.301517 2335053.461531
-342869.745884 6660827.559630 1848257.979349
-758672.632037 6746582.331909 1344724.386696
-1167604.861351 6771239.009855 829012.761761
-1565963.080233 6734574.298776 305793.468880


4184524.834798 392681.279230 5498708.422885
4035073.023214 1033495.178965 5527233.884357
3849078.965486 1664949.586319 5505703.859859
3628227.052601 2281325.952395 5434313.328628
3374517.353684 2877042.277375 5313708.814367
3090247.503054 3446703.661969 5144982.530236
2777991.892500 3985151.164466 4929662.487591
2440578.357185 4487508.520901 4669698.658081
2081062.566335 4949226.305263 4367445.314402
1702700.350623 5366123.129798 4025639.709641
1308918.216866 5734423.512304 3647377.288284
903282.317046 6050792.067486 3236083.653393
489466.152687 6312363.712716 2795483.543818
71217.307053 6516769.614671 2329567.102378
-347676.493542 6662158.641848 1842553.740517
-763421.681973 6747214.128703 1338853.926655
-1172253.205432 6771165.799578 823029.244306
-1570468.622336 6733796.744430 299751.081672


4183019.228196 400082.192630 5499320.446717
4033138.831100 1040821.329212 5527270.857279
3846733.704203 1672134.626661 5505165.447039
3625491.961200 2288304.813995 5433204.406013
3371417.201574 2883751.758581 5312039.424535
3086810.365694 3453083.000681 5142767.791438
2774248.897138 3991142.588403 4926922.456845
2436563.400966 4493057.770802 4666458.149530
2076812.009324 4954283.126260 4363733.674593
1698252.686524 5370641.726538 4021490.551759
1304313.724413 5738362.963675 3642828.187745
898562.695236 6054116.697206 3231175.807556
484674.143145 6315043.412424 2790261.398895
66396.306960 6518780.116591 2324077.950922
-352482.824463 6663481.738563 1836847.293134
-768169.816844 6747837.838046 1332981.861816
-1176900.144409 6771084.473138 817044.740340
-1574972.282019 6733011.118714 293708.335173


4181508.607677 407482.626477 5499925.878868
4031199.804722 1048146.231893 5527301.205017
3844383.832088 1679317.662723 5504620.435529
3622752.524153 2295280.932751 5432088.970966
3368313.008363 2890457.783219 5310363.667502
3083369.528372 3459458.200403 5140546.888335
2770502.576461 3997129.228414 4924176.520513
2432545.524195 4498601.635162 4663212.047595
2072558.962973 4959334.008877 4360016.804257
1693802.986838 5375153.885834 4017336.573574
1299707.668562 5742295.536839 3638274.720781
893841.996376 6057434.070246 3226264.088716
479881.552655 6317715.542695 2785035.909465
61575.227282 6520782.804868 2318586.013743
-357288.732885 6664796.848191 1831138.644040
-772917.030959 6748453.459188 1327108.199217
-1181545.672711 6770995.030635 811059.257034
-1579474.053885 6732217.422569 287665.236623


4179992.975053 414882.571902 5500524.718610
4029255.946403 1055469.878229 5527324.927533
3842029.351957 1686498.685895 5504068.825985
3620008.744746 2302254.300301 5430967.024822
3365204.777771 2897160.343251 5308681.545277
3079924.995214 3465829.253495 5138319.823588
2766752.934961 4003111.077323 4921424.681888
2428524.731688 4504140.107338 4659960.356167
2068303.432378 4964378.947058 4356294.707848
1689351.256899 5379659.602279 4013177.780066
1295100.054836 5746221.227082 3633716.892852
889120.226125 6060744.182628 3221348.502761
475088.386962 6320380.100326 2779807.081791
56754.073798 6522777.677101 2313091.297424
-362094.213047 6666103.969155 1825427.800077
-777663.318628 6749060.991392 1321232.945898
-1186189.784770 6770897.472174 805072.801563
-1583973.932536 6731415.656948 281621.793268


4178472.332139 422282.020033 5501116.965227
4027307.258473 1062792.259440 5527342.024800
3839670.266631 1693677.687569 5503510.619067
3617260.626267 2309224.908286 5429838.568927
3362092.513524 2903859.430642 5306993.059876
3076476.770346 3472196.152320 5136086.599867
2762999.977132 4009088.127960 4918666.944266
2424501.028264 4509673.180690 4656703.079144
2064045.422640 4969417.934756 4352567.389829
1684897.502044 5384158.870472 4009014.176219
1290490.888756 5750140.029698 3629154.709419
884397.390142 6064047.030385 3216429.055582
470294.651811 6323037.082123 2774574.922141
51932.852286 6524764.730899 2307593.808551
-366899.259191 6667403.099888 1819714.768092
-782408.674161 6749660.433931 1315356.108903
-1190832.475019 6770791.797873 799085.381103
-1588471.912579 6730605.822811 275578.012351


4176946.680758 429680.962002 5501702.618008
4025353.743269 1070113.366751 5527352.496797
3837306.578940 1700854.659140 5502945.815443
3614508.172010 2316192.748352 5428703.604633
3358976.219353 2910555.037364 5305298.213324
3073024.857904 3478558.889247 5133847.219848
2759243.707472 4015060.373160 4915903.310954
2420474.418746 4515200.848587 4653440.220430
2059784.938864 4974450.965933 4348834.854666
1680441.727610 5388651.685018 4004845.767025
1285880.175848 5754051.939991 3624588.175952
879673.494090 6067342.609558 3211505.753076
465500.352948 6325686.484902 2769339.436786
47111.568526 6526743.963881 2302093.553714
-371703.865556 6668694.238833 1813999.554931
-787153.091872 6750251.786084 1309477.695274
-1195473.737895 6770678.007859 793097.002831
-1592967.988623 6729787.921129 269533.901117


4175416.022740 437079.388939 5502281.676251
4023395.403132 1077433.191386 5527356.343511
3834938.291715 1708029.592006 5502374.415793
3611751.385273 2323157.812147 5427562.133301
3355855.898993 2917247.155390 5303597.007651
3069569.262024 3484917.456648 5131601.686217
2755484.130484 4021027.805765 4913133.785265
2416444.907961 4520723.104402 4650171.783936
2055521.986156 4979478.034554 4345097.106835
1675983.938938 5393138.040534 4000672.557479
1281267.921637 5757956.953271 3620017.297923
874948.543629 6070630.916197 3206578.601144
460705.496120 6328328.305486 2764100.632002
42290.228296 6528715.373674 2296590.539504
-376508.026384 6669977.384442 1808282.167446
-791896.566073 6750835.047145 1303597.712059
-1200113.567832 6770556.102268 787107.673925
-1597462.155278 6728961.952882 263489.466809


4173880.359919 444477.291978 5502854.139262
4021432.240409 1084751.724570 5527353.564938
3832565.407796 1715202.477567 5501796.420799
3608990.269363 2330120.091321 5426414.156298
3352731.556184 2923935.776700 5301889.444896
3066109.986849 3491271.846902 5129350.001664
2751721.250674 4026990.418623 4910358.370517
2412412.500739 4526239.941517 4646897.773579
2051256.569625 4984499.134595 4341354.150814
1671524.141372 5397617.931642 3996494.552583
1276654.131653 5761855.064858 3615442.080812
870222.544423 6073911.946361 3201647.605692
455910.087073 6330962.540709 2758858.514067
37468.837376 6530678.957915 2291084.772520
-381311.735915 6671252.535177 1802562.612488
-796639.091079 6751410.216412 1297716.166305
-1204751.959270 6770426.081246 781117.401563
-1601954.407158 6728127.919061 257444.716674


4172339.694135 451874.662250 5503420.006356
4019464.257454 1092068.957533 5527344.161082
3830187.930027 1722373.307224 5501211.831155
3606224.827587 2337079.577530 5425259.675001
3349603.194671 2930620.893275 5300175.527108
3062647.036524 3497622.052393 5127092.168889
2747955.072552 4032948.204585 4907577.070038
2408377.201912 4531751.353318 4643618.193285
2046988.694385 4989514.260037 4337605.991091
1667062.340258 5402091.352971 3992311.757347
1272038.811426 5765746.270079 3610862.530103
865495.502138 6077185.696116 3196712.772631
451114.131557 6333589.187414 2753613.089267
32647.401544 6532634.714250 2285576.259358
-386114.988393 6672519.689511 1796840.896915
-801380.661204 6751977.293198 1291833.065062
-1209388.906650 6770287.944948 775126.192926
-1606444.738879 6727285.820664 251399.657956


4170794.027236 459271.490890 5503979.276853
4017491.456625 1099384.881502 5527328.131952
3827805.861258 1729542.072384 5500620.647561
3603455.063261 2344036.262431 5424098.690793
3346470.818203 2937302.497104 5298455.256339
3059180.415201 3503968.065509 5124828.190597
2744185.600634 4038901.156511 4904789.887162
2404339.016319 4537257.333200 4640333.046983
2042718.365551 4994523.404868 4333852.632158
1662598.540943 5406558.299161 3988124.176782
1267421.966487 5769630.564270 3606278.651285
860767.422438 6080452.161539 3191774.107875
446317.635319 6336208.242452 2748364.363886
27825.926580 6534582.640336 2280065.006624
-390917.778060 6673778.845923 1791117.027584
-806121.270766 6752536.276822 1285948.415381
-1214024.404412 6770141.693542 769134.055195
-1610933.145057 6726435.658702 245354.297901


4169243.361074 466667.769030 5504531.950084
4015513.840286 1106699.487709 5527305.477570
3825419.204343 1736708.764452 5500022.870727
3600680.979705 2350990.137687 5422931.205067
3343334.430536 2943980.580176 5296728.634652
3055710.127035 3510309.878644 5122558.069503
2740412.839435 4044849.267266 4901996.825229
2400297.948799 4542757.874563 4637042.338613
2038445.588242 4999526.563085 4330094.078514
1658132.748777 5411018.764856 3983931.815909
1262803.602371 5773507.942775 3601690.449852
856038.310992 6083711.338715 3186831.617345
441520.604108 6338819.702685 2743112.344219
23004.418262 6536522.733837 2274551.020921
-395720.099158 6675030.002906 1785391.011356
-810860.914081 6753087.166614 1280062.224317
-1218658.447002 6769987.327201 763140.995552


4167687.697507 474063.487805 5505078.025385
4013531.410809 1114012.767387 5527276.197961
3823027.962145 1743873.374839 5499418.501368
3597902.580244 2357941.194962 5421757.219221
3340194.035428 2950655.134488 5294995.664116
3052236.176185 3516647.484195 5120281.808327
2736636.793480 4050792.529720 4899197.887587
2396254.004195 4548252.970814 4633746.072117
2034170.367579 5004523.728690 4326330.334664
1653664.969115 5415472.744710 3979734.679752
1258183.724614 5777378.400947 3597097.931303
851308.173468 6086963.223736 3181885.306964
436723.043675 6341423.564981 2737857.036558
18182.882371 6538454.992428 2269034.308861
-400521.945932 6676273.158958 1779662.855094
-815599.585470 6753629.961915 1274174.498924
-1223291.028864 6769824.846111 757147.021181


4166127.038401 481458.638351 5505617.502103
4011544.170570 1121324.711769 5527240.293161
3820632.137528 1751035.894956 5498807.540210
3595119.868208 2364889.425924 5420576.734663
3337049.636644 2957326.152039 5293256.346810
3048758.566816 3522980.874567 5117999.409799
2732857.467295 4056730.936748 4896393.077591
2392207.187356 4553742.615366 4630444.251447
2029892.708686 5009514.895695 4322561.405120
1649195.207310 5419920.233385 3975532.773344
1253562.338752 5781241.934147 3592501.101145
846577.015536 6090207.812705 3176935.182662
431924.959771 6344019.826219 2732598.447204
13361.324685 6540379.413792 2263514.877055
-405323.312626 6677508.312590 1773932.565665
-820337.279252 6754164.662072 1268285.246260
-1227922.144445 6769654.250466 751152.139267


4164561.385625 488853.211803 5506150.379591
4009552.121950 1128635.312091 5527197.763213
3818231.733364 1758196.316220 5498189.987984
3592332.846933 2371834.822245 5419389.752807
3333901.237953 2963993.624833 5291510.684816
3045277.303096 3529310.042168 5115710.876653
2729074.865408 4062664.481234 4893582.398603
2388157.503132 4559226.801639 4627136.880561
2025612.616692 5014500.058115 4318787.294400
1644723.468721 5424361.225549 3971326.101719
1248939.450326 5785098.537742 3587899.964886
841844.842866 6093445.101733 3171981.250371
427126.358145 6346608.483289 2727336.582459
8539.750984 6542295.995624 2257992.732118
-410124.193485 6678735.462322 1768200.149937
-825073.989749 6754691.266446 1262394.473384
-1232551.788195 6769475.540472 745156.356994


4162990.741057 496247.199298 5506676.657210
4007555.267338 1135944.559591 5527148.608168
3815826.752531 1765354.630046 5497565.845430
3589541.519759 2378777.375600 5418196.275077
3330748.843129 2970657.544878 5289758.680229
3041792.389197 3535634.979411 5113416.211633
2725288.992355 4068593.156065 4890765.853992
2384104.956376 4564705.523060 4623823.963424
2021330.096725 5019479.209976 4315008.007026
1640249.758708 5428795.715880 3967114.669921
1244315.064876 5788948.207112 3583294.528042
837111.661130 6096675.086940 3167023.516030
422327.244551 6349189.533086 2722071.448632
3718.167046 6544204.735625 2252467.880671
-414924.582755 6679954.606683 1762465.614780
-829809.711282 6755209.774406 1256502.187357
-1237179.954565 6769288.716342 739159.681551


4161415.106580 503640.591974 5507196.334329
4005553.609126 1143252.445507 5527092.828084
3813417.197912 1772510.827856 5496935.113298
3586745.890032 2385717.077667 5416996.302903
3327592.455950 2977317.904187 5288000.335147
3038303.829297 3541955.678716 5111115.417489
2721499.852672 4074516.954134 4887943.447134
2380049.551947 4570178.773061 4620505.504005
2017045.153920 5024452.345309 4311223.547529
1635774.082632 5433223.699062 3962898.482997
1239689.187946 5792790.937641 3578684.796133
832377.476003 6099897.764453 3162061.985582
417527.624740 6351762.972518 2716803.052032
-1103.421348 6546105.631508 2246940.329336
-419724.474681 6681165.744211 1756728.967069
-834544.438176 6755720.185329 1250608.395241
-1241806.638006 6769093.778300 733162.120125


4159834.484081 511033.380968 5507709.410325
4003547.149714 1150558.961079 5527030.423030
3811003.072394 1779664.901070 5496297.792342
3583945.961103 2392653.920129 5415789.837723
3324432.080199 2983974.694775 5286235.651679
3034811.627577 3548272.132506 5108808.496979
2717707.450903 4080435.868342 4885115.181412
2375991.294706 4575646.545082 4617181.506283
2012757.793413 5029419.458154 4307433.920445
1631296.445859 5437645.169788 3958677.546001
1235061.825080 5796626.724724 3574070.774684
827642.293158 6103113.130411 3157096.664972
412727.504466 6354328.798499 2711531.398975
-5925.008419 6547998.680995 2241410.084737
-424523.863511 6682368.873454 1750990.213681
-839278.164755 6756222.498604 1244713.104102
-1246431.832973 6768890.726580 727163.679904


4158248.875456 518425.557419 5508215.884584
4001535.891508 1157864.097550 5526961.393079
3808584.378872 1786816.841114 5495653.883327
3581141.736328 2399587.894669 5414576.880984
3321267.719666 2990627.908665 5284464.631939
3031315.788223 3554584.333210 5106495.452868
2713911.791592 4086349.891593 4882281.060216
2371930.189516 4581108.832570 4613851.974242
2008468.020342 5034380.542557 4303639.130317
1626816.853756 5442060.122757 3954451.863992
1230432.981824 5800455.563762 3569452.469225
822906.118271 6106321.180959 3152127.560154
407926.889481 6356887.007954 2706256.495779
-10746.588389 6549883.881816 2235877.153503
-429322.743490 6683563.992971 1745249.361492
-844010.885345 6756716.713629 1238816.321004
-1251055.533923 6768679.561425 721164.368078


4156658.282605 525817.112467 5508715.756498
3999519.836917 1165167.846164 5526885.738314
3806161.120244 1793966.639416 5495003.387024
3578333.219068 2406518.992978 5413357.434139
3318099.378141 2997277.537882 5282687.278052
3027816.315426 3560892.273262 5104176.287930
2710112.879289 4092259.016798 4879441.086943
2367866.241246 4586565.628976 4610516.911873
2004175.839849 5039335.592571 4299839.181692
1622335.311692 5446468.552679 3950221.442036
1225802.663727 5804277.450167 3564829.885294
818168.957020 6109521.912252 3147154.677083
403125.785541 6359437.597817 2700978.348767
-15568.155477 6551761.231712 2230341.542268
-434121.108869 6684751.101328 1739506.417385
-848742.594273 6757202.829811 1232918.053017
-1255677.735312 6768460.283089 715164.191839


4155062.707435 533208.037251 5509209.025468
3997498.988358 1172470.198166 5526803.458826
3803733.299415 1801114.287405 5494346.304214
3575520.412690 2413447.206747 5412131.498650
3314927.059425 3003923.574454 5280903.592146
3024313.213380 3567195.945101 5101851.004942
2706310.718548 4098163.236876 4876595.264997
2363799.454766 4592016.927761 4607176.323173
1999881.257079 5044284.602257 4296034.079127
1617851.825039 5450870.454268 3945986.285203
1221170.876340 5808092.379357 3560203.028429
813430.815082 6112715.320453 3142178.021719
398324.198400 6361980.565030 2695696.964266
-20389.703905 6553630.728433 2224803.257665
-438918.953894 6685930.197104 1733761.388244
-853473.285868 6757680.846569 1227018.307211
-1260298.431602 6768232.891834 709163.158379


4153462.151857 540598.322913 5509695.690903
3995473.348254 1179771.144803 5526714.554713
3801300.919295 1808259.776514 5493682.635683
3572703.320565 2420372.527672 5410899.075987
3311750.767317 3010566.010416 5279113.576359
3020806.486283 3573495.341171 5099519.606694
2702505.313926 4104062.544748 4873743.597790
2359729.834952 4597462.722390 4603830.212147
1995584.277180 5049227.565683 4292223.827181
1613366.399170 5455265.822248 3941746.398570
1216537.625213 5811900.346759 3555571.904178
808691.698137 6115901.401735 3137197.600028
393522.133813 6364515.906545 2690412.348606
-25211.227893 6555492.369737 2219262.306333
-443716.272815 6687101.278885 1728014.280954
-858202.954459 6758150.763328 1221117.090656
-1264917.617252 6767997.387932 703161.274891


4151856.617792 547987.960595 5510175.752219
3993442.919033 1187070.677324 5526619.026083
3798863.982800 1815403.098178 5493012.382228
3569881.946071 2427294.947451 5409660.167626
3308570.505627 3017204.837805 5277317.232839
3017296.138340 3579790.453922 5097182.095979
2698696.669984 4109956.933344 4870886.088739
2355657.386682 4602903.006335 4600478.582805
1991284.905303 5054164.476924 4288408.430422
1608879.039463 5459654.651352 3937501.787218
1211902.915901 5815701.347810 3550936.518091
803951.611865 6119080.152278 3132213.417980
388719.597537 6367043.619324 2685124.508121
-30032.721662 6557346.153393 2213718.694914
-448513.059882 6688264.345266 1722265.102404
-862931.594378 6758612.579525 1215214.410427
-1269535.286727 6767753.771667 697158.548568


4150246.107162 555376.941439 5510649.208842
3991407.703128 1194368.786980 5526516.873049
3796422.492851 1822544.243834 5492335.544651
3567056.292587 2434214.457788 5408414.775053
3305386.278166 3023840.048665 5275514.563737
3013782.173758 3586081.275808 5094838.475599
2694884.791288 4115846.395599 4868022.741270
2351582.114836 4608337.773076 4597121.439164
1986983.146600 5059095.330062 4284587.893424
1604389.751296 5464036.936319 3933252.456236
1207266.753959 5819495.377953 3546296.875724
799210.561948 6122251.568273 3127225.481549
383916.595327 6369563.700337 2679833.449150
-34854.179432 6559192.077179 2208172.430053
-453309.309345 6689419.394854 1716513.859485
-867659.199956 6759066.294608 1209310.273598
-1274151.434491 6767502.043330 691154.986606


4148630.621898 562765.256588 5511116.060203
3989367.702979 1201665.465023 5526408.095734
3793976.452373 1829683.204924 5491652.123765
3564226.363503 2441131.050389 5407162.899760
3302198.088750 3030471.635042 5273705.571214
3010264.596748 3592367.799288 5092488.748363
2691069.682407 4121730.924452 4865153.558814
2347504.024299 4613767.016099 4593758.785250
1982679.006227 5064020.119188 4280762.220765
1599898.540050 5468412.671895 3928998.410716
1202629.144943 5823282.432640 3541652.982639
794468.554068 6125415.645918 3122233.796714
379113.132941 6372076.146562 2674539.178035
-39675.595425 6561030.138883 2202623.518397
-458105.015456 6690566.426265 1710760.559092
-872385.765526 6759511.908032 1203404.687246
-1278766.055012 6767242.203222 685150.596201


4147010.163938 570152.897186 5511576.305743
3987322.921032 1208960.702706 5526292.694269
3791525.864300 1836819.972891 5490962.120388
3561392.162209 2448044.716962 5405904.543248
3299005.941202 3037099.588987 5271890.257440
3006743.411528 3598650.016828 5090132.917087
2687251.347913 4127610.512852 4862278.544812
2343423.119960 4619190.728895 4590390.625091
1978372.489345 5068938.838398 4276931.417031
1595405.411108 5472781.852835 3924739.655758
1197990.094413 5827062.507333 3537004.844402
789725.593910 6128572.381420 3117238.369457
374309.216136 6374580.954989 2669241.701121
-44496.963862 6562860.336301 2197071.966598
-462900.172465 6691705.438124 1705005.208120
-877111.285424 6759949.419262 1197497.658451
-1283379.142758 6766974.251656 679145.384549


4145384.735223 577539.854379 5512029.944910
3985273.359736 1216254.491286 5526170.668791
3789070.731568 1843954.539179 5490265.535347
3558553.692103 2454955.449221 5404639.707026
3295809.839347 3043723.902556 5270068.624588
3003218.622317 3604927.920897 5087770.984597
2683429.792383 4133485.153750 4859397.702708
2339339.406711 4624608.904964 4587016.962727
1974063.601115 5073851.481796 4273095.486814
1590910.369856 5477144.473904 3920476.196467
1193349.607929 5830835.597499 3532352.466585
784981.687159 6131721.770997 3112239.205767
369504.850671 6377078.122615 2663941.024759
-49318.278963 6564682.667240 2191517.781309
-467694.774625 6692836.429065 1699247.813467
-881835.753985 6760378.827776 1191589.194292
-1287990.692200 6766698.188952 673139.358850


4143754.337701 584926.119312 5512476.977161
3983219.021548 1223546.822020 5526042.019448
3786611.057120 1851086.895237 5489562.369477
3555710.956587 2461863.238883 5403368.392608
3292609.787016 3050344.567809 5268240.674844
2999690.233341 3611201.503971 5085402.953722
2679605.020399 4139354.840104 4856511.035956
2335252.889445 4630021.537811 4583637.802199
1969752.346701 5078758.043495 4269254.434712
1586413.421682 5481500.529871 3916208.037953
1188707.691054 5834601.698618 3527695.854763
780236.839500 6134863.810872 3107236.311635
364700.042305 6379567.646447 2658637.155301
-54139.534949 6566497.129516 2185960.969189
-472488.816190 6693959.397732 1693488.382036
-886559.165546 6760800.133057 1185679.301851
-1292600.697811 6766414.015442 667132.526302


4142118.973327 592311.683131 5512917.401960
3981159.908932 1230837.686167 5525906.746392
3784146.843905 1858217.032516 5488852.623621
3552863.959069 2468768.077667 5402090.601521
3289405.788046 3056961.576809 5266406.410398
2996158.248829 3617470.758529 5083028.827300
2675777.036544 4145219.564880 4853618.548016
2331163.573061 4635428.620948 4580253.147559
1965438.731272 5083658.517612 4265408.265328
1581914.571976 5485850.015516 3911935.185332
1184064.349351 5838360.806174 3523035.014519
775491.056622 6137998.497279 3102229.693059
359894.796795 6382049.523501 2653330.099106
-58960.726042 6568303.720952 2180401.536898
-477282.291413 6695074.342780 1687726.920728
-891281.514445 6761213.334602 1179767.988213
-1297209.154063 6766121.731465 661124.894105


4140478.644060 599696.536985 5513351.218779
3979096.024355 1238127.074987 5525764.849787
3781678.094875 1865344.942470 5488136.298630
3550012.702961 2475669.957298 5400806.335294
3286197.846276 3063574.921626 5264565.833449
2992622.673014 3623735.677057 5080648.608179
2671945.845407 4151079.321047 4850720.242355
2327071.462462 4640830.147895 4576863.002864
1961122.759997 5088552.898274 4261556.983274
1577413.826131 5490192.925624 3907657.643725
1179419.588386 5842112.915662 3518369.951439
770744.344212 6141125.826462 3097219.356039
355089.119903 6384523.750801 2648019.862535
-63781.846462 6570102.439385 2174839.491100
-482075.194549 6696181.262872 1681963.436451
-896002.795022 6761618.431914 1173855.260463
-1301816.055435 6765821.337373 655116.469460


4138833.351868 607080.672021 5513778.427097
3977027.370291 1245414.979744 5525616.329803
3779204.812991 1872470.616555 5487413.395362
3547157.191681 2482568.869502 5399515.595467
3282985.965551 3070184.594332 5262718.946203
2989083.510135 3629996.252045 5078262.299210
2668111.451579 4156934.101582 4847816.122447
2322976.562551 4646226.112177 4573467.372176
1956804.438051 5093441.179614 4257700.593164
1572911.189541 5494529.254990 3903375.418260
1174773.413727 5845858.022584 3513700.671114
765996.707960 6144245.794672 3092205.306581
350283.017389 6386990.325383 2642706.451952
-68602.890431 6571893.282658 2169274.838461
-486867.519851 6697280.156682 1676197.936112
-900723.001619 6762015.424508 1167941.125688
-1306421.396403 6765512.833525 649107.259569


4137183.098722 614464.079388 5514199.026404
3974953.949220 1252701.391703 5525461.186616
3776727.001217 1879594.046229 5486683.914685
3544297.428651 2489464.806010 5398218.383587
3279770.149722 3076790.587005 5260865.750873
2985540.764433 3636252.475991 5075869.903254
2664273.859658 4162783.899466 4844906.191773
2318878.878238 4651616.507326 4570066.259568
1952483.770609 5098323.355774 4253839.099623
1568406.667603 5498858.998417 3899088.514069
1170125.830942 5849596.122452 3509027.179142
761248.153558 6147358.398169 3087187.550695
345476.495013 6389449.244290 2637389.873727
-73423.852170 6573676.248624 2163707.585651
-491659.261577 6698371.022892 1670430.426622
-905442.128576 6762404.311908 1162025.590976
-1311025.171448 6765196.220291 643097.271635


4135527.886600 621846.750236 5514613.016194
3972875.763627 1259986.302128 5525299.420415
3774244.662523 1886715.222954 5485947.857471
3541433.417299 2496357.758556 5396914.701210
3276550.402643 3083392.891726 5259006.249682
2981994.440155 3642504.341393 5073471.423179
2660433.074243 4168628.707689 4841990.453822
2314778.414433 4657001.326880 4566659.669114
1948160.762849 5103199.420900 4249972.507278
1563900.265717 5503182.150715 3894796.936291
1165476.845603 5853327.210784 3504349.481125
756498.686696 6150463.633222 3082166.094396
340669.558536 6391900.504574 2632070.134231
-78244.725900 6575451.335147 2158137.739344
-496450.413983 6699453.860195 1664660.914894
-910160.170238 6762785.093649 1156108.663420
-1315627.375051 6764871.498051 637086.512861


4133867.717487 629228.675717 5515020.395971
3970792.816002 1267269.702289 5525131.031391
3771757.799884 1893834.138195 5485205.224604
3538565.161058 2503247.718879 5395604.549897
3273326.728174 3089991.500583 5257140.444857
2978444.541552 3648751.840760 5071066.861859
2656589.099938 4174468.519245 4839068.912087
2310675.176052 4662380.564386 4563247.604898
1943835.419955 5108069.369150 4246100.820763
1559391.989284 5507498.706702 3890500.690070
1160826.463281 5857051.283108 3499667.582669
751748.313068 6153561.496109 3077140.943702
335862.213720 6394344.103298 2626747.239842
-83065.505844 6577218.540098 2152565.306216
-501240.971325 6700528.667292 1658889.407845
-914877.120950 6763157.769273 1150190.350110
-1320228.001695 6764538.667194 631074.990453


4132202.593372 636609.846982 5515421.165247
3968705.108844 1274551.583455 5524956.019748
3769266.416281 1900950.783419 5484456.016973
3535692.663367 2510134.678719 5394287.931220
3270099.130178 3096586.405665 5255268.338635
2974891.072878 3654994.966603 5068656.222178
2652741.941350 4180303.327133 4836141.570071
2306569.168013 4667754.213396 4559830.071011
1939507.747110 5112933.194684 4242224.044720
1554881.843709 5511808.661203 3886199.780556
1156174.689551 5860768.334962 3494981.489386
746997.038367 6156651.983117 3072112.104637
331054.466328 6396780.037531 2621421.196940
-87886.186223 6578977.861360 2146990.292947
-506030.927862 6701595.442896 1653115.912391
-919592.975057 6763522.338334 1144270.658141
-1324827.045868 6764197.728119 625062.711616


4130532.516250 643990.255183 5515815.323543
3966612.644653 1281831.936898 5524774.385695
3766770.514700 1908065.150095 5483700.235478
3532815.927667 2517018.629822 5392964.846756
3266867.612524 3103177.599068 5253389.933261
2971334.038394 3661233.711437 5066239.507023
2648891.603090 4186133.124359 4833208.431282
2302460.395238 4673122.267469 4556407.071547
1935177.749501 5117790.891673 4238342.183795
1550369.834396 5516112.009053 3881894.212903
1151521.529989 5864478.361888 3490291.206893
742244.868289 6159735.090541 3067079.583228
326246.322123 6399208.304355 2616092.011909
-92706.761257 6580729.296823 2141412.706217
-510820.277852 6702654.185728 1647340.435453
-924307.726907 6763878.800395 1138349.594608
-1329424.502055 6763848.681234 619049.683556


4128857.488125 651369.891474 5516202.870384
3964515.425938 1289110.753891 5524586.129449
3764270.098133 1915177.229696 5482937.881023
3529934.957408 2523899.563937 5391635.298092
3263632.179085 3109765.072891 5251505.230986
2967773.442362 3667468.067786 5063816.719292
2645038.089774 4191957.903937 4830269.499237
2298348.862651 4678484.720170 4552978.610612
1930845.432319 5122642.454296 4234455.242642
1545855.966754 5520408.745094 3877583.992274
1146866.990172 5868181.359441 3485596.740812
737491.808530 6162810.814687 3062043.385508
321437.786866 6401628.900859 2610759.691136
-97527.225171 6582472.844389 2135832.552714
-515609.015554 6703704.894519 1641562.983954
-929021.370849 6764227.155029 1132427.166608
-1334020.364746 6763491.526957 613035.913481


4127177.511003 658748.747011 5516583.805308
3962413.455213 1296388.025709 5524391.251237
3761765.169578 1922287.013697 5482168.954522
3527049.756043 2530777.472815 5390299.286820
3260392.833740 3116348.819238 5249614.234068
2964209.289051 3673698.028176 5061387.861889
2641181.406021 4197777.658884 4827324.777458
2294234.575181 4683841.565072 4549544.692313
1926510.800757 5127487.876735 4230563.225919
1541340.246194 5524698.864176 3873269.123833
1142211.075679 5871877.323182 3480898.096770
732737.864786 6165879.151866 3057003.517513
316628.866323 6404041.824141 2605424.241013
-102347.572184 6584208.501967 2130249.839126
-520397.135229 6704747.568008 1635783.564818
-933733.901232 6764567.401818 1126503.381241
-1338614.628433 6763126.265718 607021.408599


4125492.586899 666126.812947 5516958.127856
3960306.734998 1303663.743631 5524189.751292
3759255.732036 1929394.493576 5481393.456897
3524160.327030 2537652.348212 5388956.814543
3257149.580372 3122928.830218 5247716.944775
2960641.582733 3679923.585140 5058952.937726
2637321.556453 4203592.382224 4824374.269475
2290117.537759 4689192.795753 4546105.320767
1922173.860010 5132327.153184 4226666.138292
1536822.678128 5528982.361156 3868949.612753
1137553.792090 5875566.248680 3476195.280399
727983.042757 6168940.098403 3051959.985285
311819.566258 6406447.071310 2600085.667935
-107167.796520 6585936.267477 2124664.572144
-525184.631138 6705782.204948 1630002.184974
-938445.312409 6764899.540355 1120578.245606
-1343207.287609 6762752.897954 601006.176120


4123802.717831 673504.080440 5517325.837581
3958195.267817 1310937.898935 5523981.629855
3756741.788515 1936499.660813 5480611.389078
3521266.673831 2544524.181889 5387607.882869
3253902.422868 3129505.097944 5245813.365380
2957070.327683 3686144.731216 5056511.949721
2633458.545697 4209402.066989 4821417.978824
2285997.755321 4694538.405801 4542660.500096
1917834.615276 5137160.277842 4222763.984431
1532303.267972 5533259.230899 3864625.464212
1132895.144990 5879248.131514 3471488.297336
723227.348141 6171993.650627 3046912.794867
307009.892434 6408844.639482 2594743.978302
-111987.892401 6587656.138848 2119076.758462
-529971.497541 6706808.804097 1624218.851351
-943155.598731 6765223.570241 1114651.766806
-1347798.336768 6762371.424111 594990.223253


4122107.905826 680880.540647 5517686.934042
3956079.056201 1318210.482901 5523766.887175
3754223.342030 1943602.506893 5479822.752002
3518368.799917 2551392.965607 5386252.493415
3250651.365119 3136077.614533 5243903.498166
2953495.528183 3692361.458947 5054064.900799
2629592.378384 4215206.706213 4818455.909049
2281875.232803 4699878.388806 4539210.234430
1913493.071757 5141987.244916 4218856.769014
1527782.021142 5537529.468280 3860296.683392
1128235.139960 5882922.967271 3466777.153223
718470.786639 6175039.804878 3041861.952311
302199.850617 6411234.525783 2589399.178515
-116807.854050 6589368.114018 2113486.404780
-534757.728702 6707827.364224 1618433.570882
-947864.754554 6765539.491087 1108723.951945
-1352387.770408 6761981.844649 588973.557209


4120408.152914 688256.184726 5518041.416806
3953958.102688 1325481.486814 5523545.523511
3751700.395598 1950703.023301 5479027.546614
3515466.708760 2558258.691135 5384890.647806
3247396.411024 3142646.372107 5241987.345421
2949917.188518 3698573.760881 5051611.793894
2625723.059147 4221006.292939 4815488.063700
2277749.975149 4705212.738369 4535754.527904
1909149.234657 5146808.048620 4214944.496725
1523258.943058 5541793.068180 3855963.275482
1123573.782588 5886590.751546 3462061.853707
713713.363953 6178078.557506 3036807.463671
297389.446572 6413616.727349 2584051.274982
-121627.675688 6591072.190936 2107893.517797
-539543.318883 6708837.884110 1612646.350499
-952572.774231 6765847.302516 1102794.808127
-1356975.583027 6761584.160033 582956.185201


4118703.461134 695631.003837 5518389.285447
3951832.409819 1332750.901957 5523317.539128
3749172.952243 1957801.201527 5478225.773868
3512560.403838 2565121.350243 5383522.347675
3244137.564483 3149211.362792 5240064.909443
2946335.312976 3704781.629573 5049152.631946
2621850.592624 4226800.820216 4812514.446334
2273621.987301 4710541.448095 4532293.384660
1904803.109183 5151622.683175 4211027.172252
1518734.039141 5546050.025488 3851625.245677
1118911.078459 5890251.479943 3457342.404439
708955.085783 6181109.904867 3031749.335004
292578.686066 6415991.241324 2578700.274113
-126447.351539 6592768.367559 2102298.104217
-544328.262348 6709840.362542 1606857.197142
-957279.652121 6766147.004158 1096864.342460
-1361561.769127 6761178.370740 576938.114440


4116993.832529 703004.989139 5518730.539550
3949701.980142 1340018.719616 5523082.934299
3746641.014996 1964897.033062 5477417.434724
3509649.888636 2571980.934704 5382147.594661
3240874.829402 3155772.578720 5238136.192535
2942749.905851 3710985.057580 5046687.417904
2617974.983457 4232590.281099 4809535.060517
2269491.274209 4715864.511598 4528826.808847
1900454.700543 5156431.142811 4207104.800291
1514207.314815 5550300.335102 3847282.599176
1114247.033164 5893905.148073 3452618.811077
704195.957835 6184133.843329 3026687.572374
287767.574865 6418358.064863 2573346.182321
-131266.875826 6594456.641854 2096700.170748
-549112.553361 6710834.798320 1601066.117747
-961985.382582 6766438.595654 1090932.562053
-1366146.323210 6760764.477256 570919.352141


4115279.269148 710378.131795 5519065.178705
3947566.816211 1347284.931082 5522841.709305
3744104.586890 1971990.509401 5476602.530151
3506735.166642 2578837.436297 5380766.390413
3237608.209693 3162330.012026 5236201.197010
2939160.971441 3717184.037468 5044216.154721
2614096.236292 4238374.668647 4806549.909819
2265357.840824 4721181.922497 4525354.804621
1896104.013950 5161233.421765 4203177.385543
1509678.775506 5554543.991928 3842935.341185
1109581.652293 5897551.751557 3447891.079283
699435.985813 6187150.369267 3021622.181848
282956.118735 6420717.195128 2567989.006024
-136086.242771 6596137.011797 2091099.724099
-553896.186189 6711821.190251 1595273.119258
-966689.959972 6766722.076654 1084999.474014
-1370729.239781 6760342.480079 564899.905518


4113559.773045 717750.422965 5519393.202511
3945426.920584 1354549.527643 5522593.864434
3741563.670967 1979081.622042 5475781.061127
3503816.241349 2585690.846802 5379378.736585
3234337.709271 3168883.654851 5234259.925186
2935568.514048 3723378.561806 5041738.845360
2610214.355777 4244153.975927 4803558.997818
2261221.692099 4726493.674419 4521877.376142
1891751.054619 5166029.514279 4199244.932717
1505148.426643 5558780.990878 3838583.476913
1104914.941437 5901191.286025 3443159.214722
694675.175421 6190159.479064 3016553.169497
278144.323444 6423068.629291 2562628.751644
-140905.446599 6597809.475374 2085496.770983
-558679.155097 6712799.537152 1589478.208617
-971393.378653 6766997.446819 1079065.085456
-1375310.513348 6759912.379712 558879.781785


4111835.346282 725121.853815 5519714.610574
3943282.295828 1361812.500593 5522339.399986
3739018.270271 1986170.362484 5474953.028636
3500893.116257 2592541.158007 5377984.634841
3231063.332056 3175433.499337 5232312.379391
2931972.537977 3729568.623170 5039255.492790
2606329.346566 4249928.196013 4800562.328099
2257082.832993 4731799.760995 4518394.527579
1887395.827767 5170819.414605 4195307.446526
1500616.273654 5563011.326874 3834227.011578
1100246.906190 5904823.747114 3438423.223068
689913.532367 6193161.169115 3011480.541398
273332.194759 6425412.364535 2557265.425605
-145724.481532 6599474.030581 2079891.318115
-563461.454352 6713769.837852 1583681.392770
-976095.632987 6767264.705819 1073129.403493
-1379890.138417 6759474.176673 552858.988159


4241857.281020 89277.425044 5467990.247690
4110105.990927 732492.415507 5520029.402510
3941132.944513 1369073.841226 5522078.316263
3736468.387855 1993256.722232 5474118.433669
3497965.794869 2599388.361698 5376584.086852
3227785.081972 3181979.537636 5230358.561960
2928373.047538 3735754.214139 5036766.099989
2602441.213316 4255697.321983 4797559.904254
2252941.268467 4737100.175867 4514906.263106
1883038.338615 5175603.117002 4191364.931689
1496082.321973 5567234.994846 3829865.950401
1095577.552149 5908449.130470 3433683.109997
685151.062358 6196155.435822 3006404.303630
268519.738448 6427748.398049 2551899.034336
-150543.341795 6601130.675421 2074283.372216
-568243.078222 6714732.091187 1577882.678666
-980796.717338 6767523.853333 1067192.435237
-1384468.109501 6759027.871486 546837.531856


4240558.498492 96690.351837 5468871.510351
4108371.709051 739862.099208 5520337.577941
3938978.869215 1376333.540838 5521810.613580
3733914.026773 2000340.692791 5473277.277229
3495034.280695 2606232.449670 5375177.094297
3224502.962950 3188521.761900 5228398.475233
2924770.047047 3741935.327299 5034270.669939
2598549.960686 4261461.346921 4794551.729882
2248797.003485 4742394.912682 4511412.586905
1878678.592386 5180380.615735 4187417.392931
1491546.577034 5571451.989731 3825500.298610
1090906.884908 5912067.431747 3428938.881190
680387.771102 6199142.275594 3001324.462279
263706.960280 6430076.727034 2546529.584270
-155362.021611 6602779.407911 2068672.940006
-573024.020975 6715686.296004 1572082.073256
-985496.626071 6767774.889051 1061254.187807
-1389044.421112 6758573.464687 540815.420094


4239254.633079 104103.162734 5469746.217826
4106632.502734 747230.896084 5520639.136498
3936820.072515 1383591.590727 5521536.292257
3731355.190089 2007422.265670 5472429.560322
3492098.577247 2613073.413718 5373763.658863
3221216.978924 3195060.164287 5226432.121560
2921163.540822 3748111.955241 5031769.205632
2594655.593341 4267220.263919 4791537.808589
2244650.043014 4747683.965092 4507913.503164
1874316.594306 5185151.905079 4183464.834986
1487009.044274 5575662.306474 3821130.061437
1086234.910068 5915678.646608 3424190.542335
675623.664309 6202121.684853 2996241.023432
258893.866023 6432397.348698 2541157.081842
-160180.515204 6604420.226072 2063060.028211
-577804.276881 6716632.451158 1566279.583492
-990195.353552 6768017.812671 1055314.668320
-1393619.067765 6758110.956819 534792.660092


4237945.686343 111515.848849 5470614.369069
4104888.374060 754598.797302 5520934.077819
3934656.557003 1390847.982194 5521255.352623
3728791.880869 2014501.432381 5471575.283966
3489158.688044 2619911.245643 5372343.782242
3217927.133831 3201594.736961 5224459.503299
2917553.533185 3754284.090563 5029261.710067
2590758.115949 4272974.066075 4788518.143988
2240500.392026 4752967.326758 4504409.016076
1869952.349602 5189916.979315 4179507.262590
1482469.729132 5579865.940028 3816755.244121
1081561.633228 5919282.770725 3419438.099122
670858.747689 6205093.660027 2991153.993184
254080.461447 6434710.260261 2535781.533493
-164998.816800 6606053.127939 2057444.643558
-582583.840211 6717570.555517 1560475.216329
-994892.894150 6768252.623903 1049373.883894
-1398192.043976 6757640.348437 528769.259068

