#0
#1133
4347000.852199 662233.239672 5344648.887181
#1198
4069974.774934 1471164.368996 5401038.949202
#1263
3660801.599532 2197123.848114 5447147.826608
#1328
3140042.639107 2824591.149461 5482887.748530
#1393
2527813.364590 3342190.300474 5508190.681995
#1458
1843253.044286 3741528.664820 5523008.461433
#1523
1104532.432303 4016100.276217 5527312.880357
#17
329314.439416 4160444.059696 5521095.745061
#18
-329314.439416 4160444.059696 5521095.745061
#19
-984960.995689 4122766.434031 5471095.847031
#20
-1631687.592661 4047752.397113 5371548.857790
#21
-2263637.374120 3936081.287676 5223356.290288
#22
-2875087.304986 3788764.416582 5027860.199364
#1586
-3104869.832032 3462026.066306 4354744.520905


#1000000000000
#1133
4347771.419234 669610.929635 5343102.646310
#1198
4069003.014373 1478567.586855 5399749.379381
#1263
3658119.063250 2204135.062547 5446117.382607
#1328
3135782.670198 2830810.128378 5482118.391859
#1393
2522204.204755 3347259.365317 5507683.877168
#1458
1836604.580242 3745155.465097 5522765.173180
#1523
1097217.434751 4018076.466049 5527333.571792
#17
321745.560744 4160658.545094 5521380.376797
#18
-336882.923361 4160224.587441 5520804.495542
#19
-992460.543543 4122114.991699 5470231.353857
#20
-1639050.287357 4046674.884266 5370118.949946
#21
-2270796.537956 3934587.462438 5221373.917240
#22
-2881978.103465 3786867.807264 5025343.313790
#1586
-3105121.589461 3461800.264646 4354744.520905


#2000000000000
#1324
4355258.928011 524357.837707 5353224.217984
#1325
4102346.122114 1123075.810060 5459825.823159
#1326
3812281.834470 1711623.033965 5516982.400205
#1327
3487692.932188 2284669.534623 5524176.330308
#1392
2992595.773766 2897554.794834 5527095.778596
#1457
2399195.536122 3417497.156523 5519494.085930
#1458
1829953.914777 3748777.776296 5522515.265143
#1523
1089901.122036 4020047.839670 5527347.637968
#17
314176.296415 4160868.043377 5521658.390409
#18
-344451.003505 4160000.128593 5520506.628589
#19
-999958.901798 4121458.608452 5469360.303869
#20
-1646411.017429 4045592.520929 5368682.605285
#21
-2277952.979933 3933088.921061 5219385.285667
#22
-2888865.447501 3784966.658871 5022820.404660
#1586
-3105373.330470 3461574.444678 4354744.520905


#3000000000000
#1324
4352570.495971 531280.693394 5354727.995186
#1325
4099216.753825 1129912.388640 5460765.605586
#1326
3808739.869977 1718311.422323 5517349.677042
#1327
3483770.448069 2291149.161678 5523967.775440
#1392
2987267.608567 2902942.050598 5527151.226959
#1457
2392762.898057 3421488.914182 5519813.431975
#1458
1823301.055864 3752395.594076 5522258.737622
#1523
1082583.502925 4022014.394719 5527355.078866
#17
306606.655504 4161072.554295 5521929.785564
#18
-352018.670778 4159770.683419 5520202.144559
#19
-1007456.061467 4120797.285077 5468482.698109
#20
-1653769.774054 4044505.308400 5367239.825529
#21
-2285106.691475 3931585.665344 5217390.397952
#22
-2895749.328840 3783060.973681 5020291.474998
#1586
-3105625.055056 3461348.606404 4354744.520905


#4000000000000
#1324
4349876.846785 538202.912269 5356225.354019
#1325
4096082.472069 1136747.612866 5461698.842544
#1326
3805193.340192 1724997.751051 5517710.340587
#1327
3479843.788178 2297626.042480 5523752.599347
#1392
2981935.862722 2908325.826791 5527200.050282
#1457
2386327.391941 3425476.570721 5520126.161775
#1458
1816646.011478 3756008.914100 5521995.590924
#1523
1075264.586191 4023976.128837 5527355.894479
#17
299036.647083 4161272.077602 5522194.561936
#18
-359585.916109 4159536.252195 5519891.043817
#19
-1014952.013562 4120131.022367 5467598.537630
#20
-1661126.548411 4043413.247983 5365790.612407
#21
-2292257.664006 3930077.697087 5215389.256485
#22
-2902629.739231 3781150.753979 5017756.527834
#1586
-3105876.763217 3461122.749824 4354744.520905


#5000000000000
#1324
4347177.983680 545124.486035 5357716.292688
#1325
4092943.280602 1143581.474546 5462625.532915
#1326
3801642.249366 1731682.012136 5518064.390407
#1327
3475912.957222 2304100.169265 5523530.802286
#1392
2976600.542622 2913706.116961 5527242.248504
#1457
2379889.025488 3429460.121362 5520432.274953
#1458
1809988.789594 3759617.732038 5521725.825364
#1523
1067944.380607 4025933.039673 5527350.084806
#17
291466.280226 4161466.613060 5522452.719207
#18
-367152.730428 4159296.835202 5519573.326736
#19
-1022446.749100 4119459.821121 5466707.823492
#20
-1668481.331683 4042316.340986 5364334.967657
#21
-2299405.888955 3928565.018099 5213381.863667
#22
-2909506.670425 3779236.002054 5015215.566207
#1586
-3106128.454954 3460896.874940 4354744.520905


#6000000000000
#1324
4344473.909892 552045.406395 5359200.809407
#1325
4089799.183186 1150413.965488 5463545.675587
#1326
3798086.601756 1738364.197564 5518411.826077
#1327
3471977.959912 2310571.534274 5523302.384524
#1392
2971261.654662 2919082.914658 5527277.821576
#1457
2373447.806415 3433439.561329 5520731.771144
#1458
1803329.398193 3763222.043563 5521449.441266
#1523
1060622.894946 4027885.124881 5527337.649853
#17
283895.564007 4161656.160435 5522704.257069
#18
-374719.104664 4159052.432727 5519248.993698
#19
-1029940.259097 4118783.682142 5465810.556762
#20
-1675834.115053 4041214.588723 5362872.893022
#21
-2306551.357754 3927047.630191 5211368.221902
#22
-2916380.114180 3777316.720202 5012668.593164
#1586
-3106380.130263 3460670.981754 4354744.520905


#7000000000000
#1324
4341764.628662 558965.665054 5360678.902396
#1325
4086650.183590 1157245.077503 5464459.269457
#1326
3794526.401623 1745044.299326 5518752.647182
#1327
3468038.800965 2317040.129748 5523067.346334
#1392
2965919.205242 2924456.213438 5527306.769455
#1457
2367003.742442 3437414.885853 5521024.649989
#1458
1796667.845257 3766821.844355 5521166.438961
#1523
1053300.137985 4029832.382122 5527318.589635
#17
276324.507501 4161840.719499 5522949.175221
#18
-382285.029748 4158803.045062 5518918.045089
#19
-1037432.534570 4118102.606243 5464906.738516
#20
-1683184.889708 4040107.992517 5361404.390256
#21
-2313694.061837 3925525.535184 5209348.333605
#22
-2923250.062258 3775392.910723 5010115.611757
#1586
-3106631.789145 3460445.070265 4354744.520905


#8000000000000
#1324
4339050.143237 565885.253716 5362150.569883
#1325
4083496.285590 1164074.802402 5465366.313431
#1326
3790961.653235 1751722.309416 5519086.853312
#1327
3464095.485103 2323505.947935 5522825.687997
#1392
2960573.200764 2929826.006860 5527329.092106
#1457
2360556.841294 3441386.090168 5521310.911135
#1458
1790004.138771 3770417.130100 5520876.818788
#1523
1045976.118500 4031774.809062 5527292.904175
#17
268753.119782 4162020.290033 5523187.473367
#18
-389850.496612 4158548.672508 5518580.481308
#19
-1044923.566540 4117416.594237 5463996.369837
#20
-1690533.646838 4038996.553692 5359929.461119
#21
-2320833.992645 3923998.734902 5207322.201197
#22
-2930116.506424 3773464.575922 5007556.625046
#1586
-3106883.431597 3460219.140476 4354744.520905


#9000000000000
#1324
4336330.456872 572804.164089 5363615.810105
#1325
4080337.492964 1170903.132000 5466266.806421
#1326
3787392.360864 1758398.219829 5519414.444066
#1327
3460148.017052 2329968.981085 5522577.409804
#1392
2955223.647638 2935192.288488 5527344.789502
#1457
2354107.110698 3445353.169514 5521590.554241
#1458
1783338.286721 3774007.896488 5520580.581094
#1523
1038650.845271 4033712.403373 5527260.593503
#17
261181.409926 4162194.871820 5523419.151224
#18
-397415.496187 4158289.315368 5518236.302759
#19
-1052413.346026 4116725.646949 5463079.451816
#20
-1697880.377633 4037880.273581 5358448.107379
#21
-2327971.141617 3922467.231174 5205289.827105
#22
-2936979.438447 3771531.718112 5004991.636098
#1586
-3107135.057618 3459993.192387 4354744.520905


#10000000000000
#1324
4333605.572826 579722.387877 5365074.621305
#1325
4077173.809500 1177730.058111 5467160.747348
#1326
3783818.528790 1765072.022563 5519735.419053
#1327
3456196.401543 2336429.221450 5522322.512051
#1392
2949870.552275 2940555.051890 5527353.861626
#1457
2347654.558384 3449316.119137 5521863.578970
#1458
1776670.297098 3777594.139216 5520277.726236
#1523
1031324.327078 4035645.162731 5527221.657660
#17
253609.387009 4162364.464651 5523644.208512
#18
-404980.019406 4158024.973954 5517885.509854
#19
-1059901.864053 4116029.765207 5462155.985553
#20
-1705225.073288 4036759.153522 5356960.330811
#21
-2335105.500200 3920931.025836 5203251.213767
#22
-2943838.850102 3769594.339609 5002420.647988
#1586
-3107386.667207 3459767.226001 4354744.520905


#11000000000000
#1324
4330875.494365 586639.916790 5366527.001734
#1325
4074005.238990 1184555.572553 5468048.135141
#1326
3780240.161295 1771743.709619 5520049.777888
#1327
3452240.643314 2342886.661288 5522060.995046
#1392
2944513.921091 2945914.290636 5527356.308465
#1457
2341199.192088 3453274.934286 5522129.984996
#1458
1770000.177895 3781175.853983 5519968.254574
#1523
1023996.572702 4037573.084820 5527176.096691
#17
246037.060106 4162529.068323 5523862.644963
#18
-412544.057201 4157755.648582 5517528.103014
#19
-1067389.111643 4115328.949843 5461225.972154
#20
-1712567.725000 4035633.194860 5355466.133198
#21
-2342237.059842 3919390.120731 5201206.363626
#22
-2950694.733165 3767652.442736 4999843.663798
#1586
-3107638.260363 3459541.241317 4354744.520905


#12000000000000
#1324
4328140.224762 593556.742535 5367972.949652
#1325
4070831.785231 1191379.667144 5468928.968735
#1326
3776657.262669 1778413.272998 5520357.520193
#1327
3448280.747106 2349341.292858 5521792.859100
#1392
2939153.760507 2951269.998305 5527352.130017
#1457
2334741.019547 3457229.610216 5522389.772000
#1458
1763327.937106 3784753.036498 5519652.166481
#1523
1016667.590928 4039496.167330 5527123.910650
#17
238464.438295 4162688.682639 5524074.460314
#18
-420107.600506 4157481.339576 5517164.082667
#19
-1074875.079822 4114623.201699 5460289.412734
#20
-1719908.323966 4034502.398943 5353965.516332
#21
-2349365.811995 3917844.517704 5199155.279132
#22
-2957547.079421 3765706.029819 4997260.686616
#1586
-3107889.837084 3459315.238338 4354744.520905


#13000000000000
#1324
4325399.767294 600472.856821 5369412.463325
#1325
4067653.452027 1198202.333705 5469803.247076
#1326
3773069.837206 1785080.704709 5520658.645601
#1327
3444316.717665 2355793.108424 5521518.104536
#1392
2933790.076949 2956622.168475 5527341.326287
#1457
2328280.048502 3461180.142187 5522642.939669
#1458
1756653.582729 3788325.682472 5519329.462336
#1523
1009337.390540 4041414.407955 5527065.099601
#17
230891.530652 4162843.307407 5524279.654312
#18
-427670.640255 4157202.047263 5516793.449251
#19
-1082359.759618 4113912.521621 5459346.308416
#20
-1727246.861389 4033366.767127 5352458.482012
#21
-2356491.748113 3916294.218608 5197097.962745
#22
-2964395.880655 3763755.103192 4994671.719538
#1586
-3108141.397369 3459089.217064 4354744.520905


#14000000000000
#1324
4322654.125248 607388.251360 5370845.541028
#1325
4064470.243188 1205023.564058 5470670.969114
#1326
3769477.889206 1791745.996757 5520953.153749
#1327
3440348.559742 2362242.100251 5521236.731682
#1392
2928422.876845 2961970.794733 5527323.897287
#1457
2321816.286697 3465126.525464 5522889.487701
#1458
1749977.122765 3791893.787624 5519000.142524
#1523
1002005.980323 4043327.804396 5526999.663614
#17
223318.346253 4162992.942443 5524478.226711
#18
-435233.167383 4156917.771980 5516416.203207
#19
-1089843.142058 4113196.910459 5458396.660330
#20
-1734583.328472 4032226.300773 5350945.032043
#21
-2363614.859657 3914739.225302 5195034.416931
#22
-2971241.128657 3761799.665193 4992076.765668
#1586
-3108392.941216 3458863.177497 4354744.520905


#15000000000000
#1324
4319903.301914 614302.917861 5372272.181044
#1325
4061282.162530 1211843.350026 5471532.133810
#1326
3765881.422976 1798409.141155 5521241.044285
#1327
3436376.278095 2368688.260611 5520948.740877
#1392
2923052.166628 2967315.870666 5527299.843040
#1457
2315349.741879 3469068.755315 5523129.415800
#1458
1743298.565215 3795457.347676 5518664.207441
#1523
994673.369066 4045236.354360 5526927.602768
#17
215744.894178 4163137.587565 5524670.177272
#18
-442795.172825 4156628.514066 5516032.344990
#19
-1097325.218173 4112476.369073 5457440.469614
#20
-1741917.716421 4031081.001248 5349425.168239
#21
-2370735.138087 3913179.539649 5192964.644162
#22
-2978082.815224 3759839.718167 4989475.828117
#1586
-3108644.468625 3458637.119637 4354744.520905


#16000000000000
#1324
4317147.300589 621216.848036 5373692.381662
#1325
4058089.213873 1218661.683435 5472386.740132
#1326
3762280.442825 1805070.129915 5521522.316864
#1327
3432399.877484 2375131.581776 5520654.132465
#1392
2917677.952736 2972657.389868 5527269.163572
#1457
2308880.421801 3473006.827017 5523362.723678
#1458
1736617.918085 3799016.358356 5518321.657490
#1523
987339.565559 4047140.055559 5526848.917148
#17
208171.183503 4163277.242602 5524855.505766
#18
-450356.647516 4156334.273868 5515641.875060
#19
-1104805.978995 4111750.898325 5456477.737415
#20
-1749250.016446 4029930.869926 5347898.892423
#21
-2377852.574869 3911615.163519 5190888.646920
#22
-2984920.932154 3757875.264463 4986868.910000
#1586
-3108895.979594 3458411.043487 4354744.520905


#17000000000000
#1324
4314386.124577 628130.033599 5375106.141180
#1325
4054891.401045 1225478.556113 5473234.787055
#1326
3758674.953071 1811728.955053 5521796.971148
#1327
3428419.362676 2381572.056023 5520352.906799
#1392
2912300.241611 2977995.345937 5527231.858923
#1457
2302408.334216 3476940.735849 5523589.411056
#1458
1729935.189383 3802570.815400 5517972.493081
#1523
980004.578590 4049038.905710 5526763.606849
#17
200597.223306 4163411.907386 5525034.211970
#18
-457917.582394 4156035.051739 5515244.793883
#19
-1112285.415558 4111020.499085 5455508.464886
#20
-1756580.219756 4028775.908184 5346366.206425
#21
-2384967.161471 3910046.098787 5188806.427692
#22
-2991755.471251 3755906.306434 4984256.014445
#1586
-3109147.474121 3458184.949046 4354744.520905


#18000000000000
#1324
4311619.777187 635042.466263 5376513.457903
#1325
4051688.727880 1232293.959889 5474076.273564
#1326
3755064.958034 1818385.608588 5522065.006809
#1327
3424434.738441 2388009.675633 5520045.064240
#1392
2906919.039699 2983329.732474 5527187.929135
#1457
2295933.486882 3480870.477095 5523809.477662
#1458
1723250.387118 3806120.714547 5517616.714633
#1523
972668.416953 4050932.902539 5526671.671973
#17
193023.022666 4163541.581756 5525206.295670
#18
-465477.968395 4155730.848038 5514841.101936
#19
-1119763.518894 4110285.172229 5454532.653189
#20
-1763908.317567 4027616.117407 5344827.112080
#21
-2392078.889367 3908472.347334 5186717.988976
#22
-2998586.424323 3753932.846442 4981637.144581
#1586
-3109398.952206 3457958.836317 4354744.520905


#19000000000000
#1324
4308848.261735 641954.137742 5377914.330145
#1325
4048481.198215 1239107.886593 5474911.198648
#1326
3751450.462041 1825040.082542 5522326.423525
#1327
3420446.009556 2394444.432888 5519730.605158
#1392
2901534.353449 2988660.543085 5527137.374262
#1457
2289455.887560 3484796.046045 5524022.923232
#1458
1716563.519304 3809666.051540 5517254.322572
#1523
965331.089441 4052822.043774 5526573.112631
#17
185448.590663 4163666.265555 5525371.756660
#18
-473037.796458 4155421.663129 5514430.799704
#19
-1127240.280043 4109544.918638 5453550.303495
#20
-1771234.301094 4026451.498985 5343281.611234
#21
-2399187.750032 3906893.911046 5184623.333274
#22
-3005413.783182 3751954.886851 4979012.303549
#1586
-3109650.413847 3457732.705301 4354744.520905


#20000000000000
#1324
4306071.581544 648865.039752 5379308.756226
#1325
4045268.815896 1245920.328057 5475739.561308
#1326
3747831.469426 1831692.368936 5522581.220984
#1327
3416453.180803 2400876.320078 5519409.529929
#1392
2896146.189317 2993987.771380 5527080.194364
#1457
2282975.544014 3488717.437993 5524229.747510
#1458
1709874.593955 3813206.822132 5516885.317332
#1523
957992.604849 4054706.327152 5526467.928940
#17
177873.936373 4163785.958635 5525530.594742
#18
-480597.057521 4155107.497382 5514013.887677
#19
-1134715.690041 4108799.739199 5452561.416979
#20
-1778558.161556 4025282.054314 5341729.705739
#21
-2406293.734944 3905310.791815 5182522.463097
#22
-3012237.539644 3749972.430033 4976381.494495
#1586
-3109901.859042 3457506.555999 4354744.520905


#21000000000000
#1324
4303289.739941 655775.164009 5380696.734475
#1325
4042051.584773 1252731.276117 5476561.360550
#1326
3744207.984526 1838342.459799 5522829.398878
#1327
3412456.256966 2407305.329490 5519081.838939
#1392
2890754.553760 2999311.410975 5527016.389510
#1457
2276492.464011 3492634.648240 5524429.950249
#1458
1703183.619089 3816743.022078 5516509.699356
#1523
950652.971972 4056585.750414 5526356.121028
#17
170299.068878 4163900.660852 5525682.809725
#18
-488155.742523 4154788.351176 5513590.366356
#19
-1142189.739928 4108049.634806 5451565.994829
#20
-1785879.890175 4024107.784796 5340171.397456
#21
-2413396.835586 3903722.991539 5180415.380963
#22
-3019057.685530 3747985.478364 4973744.720572
#1586
-3110153.287790 3457280.388411 4354744.520905


#22000000000000
#1324
4300502.740261 662684.502230 5382078.263228
#1325
4038829.508702 1259540.722609 5477376.595390
#1326
3740580.011684 1844990.347159 5523070.956912
#1327
3408455.242837 2413731.453421 5518747.532579
#1392
2885359.453241 3004631.455487 5526945.959776
#1457
2270006.655324 3496547.672090 5524623.531209
#1458
1696490.602727 3820274.647138 5516127.469094
#1523
943312.199609 4058460.311307 5526237.689027
#17
162723.997256 4164010.372069 5525828.401427
#18
-495713.842404 4154464.224891 5513160.236249
#19
-1149662.420745 4107294.606358 5450564.038236
#20
-1793199.478174 4022928.691839 5338606.688253
#21
-2420497.043444 3902130.512121 5178302.089397
#22
-3025874.212666 3745994.034225 4971101.984940
#1586
-3110404.700091 3457054.202540 4354744.520905


#23000000000000
#1324
4297710.585844 669593.046134 5383453.340830
#1325
4035602.591545 1266348.659370 5478185.264850
#1326
3736947.555249 1851636.023047 5523305.894795
#1327
3404450.143212 2420154.684166 5518406.611251
#1392
2879960.894227 3009947.898541 5526868.905248
#1457
2263518.125725 3500456.504853 5524810.490157
#1458
1689795.552890 3823801.693081 5515738.627004
#1523
935970.296558 4060330.007584 5526112.633079
#17
155148.730587 4164115.092153 5525967.369674
#18
-503271.348105 4154135.118916 5512723.497869
#19
-1157133.723536 4106534.654759 5449555.548402
#20
-1800516.916780 4021744.776855 5337035.580004
#21
-2427594.350008 3900533.355469 5176182.590933
#22
-3032687.112881 3743998.100004 4968453.290767
#1586
-3110656.095942 3456827.998386 4354744.520905


#24000000000000
#1324
4294913.280038 676500.787440 5384821.965631
#1325
4032370.837171 1273155.078240 5478987.367962
#1326
3733310.619575 1858279.479498 5523534.212246
#1327
3400440.962890 2426575.014028 5518059.075363
#1392
2874558.883189 3015260.733763 5526785.226016
#1457
2257026.882992 3504361.141844 5524990.826869
#1458
1683098.477604 3827324.155678 5515343.173552
#1523
928627.271619 4062194.837004 5525980.953335
#17
147573.277952 4164214.820981 5526099.714297
#18
-510828.250567 4153801.033647 5512280.151743
#19
-1164603.639345 4105769.780920 5448540.526536
#20
-1807832.197222 4020556.041264 5335458.074594
#21
-2434688.746771 3898931.523499 5174056.888112
#22
-3039496.378008 3741997.678093 4965798.641228
#1586
-3110907.475343 3456601.775950 4354744.520905


#25000000000000
#1324
4292110.826195 683407.717868 5386184.135993
#1325
4029134.249453 1279959.971060 5479782.903763
#1326
3729669.209021 1864920.708548 5523755.908991
#1327
3396427.706679 2432992.435309 5517704.925332
#1392
2869153.426602 3020569.954786 5526694.922181
#1457
2250532.934907 3508261.578381 5525164.541129
#1458
1676399.384895 3830842.030708 5514941.109213
#1523
921283.133594 4064054.797332 5525842.649953
#17
139997.648430 4164309.558431 5526225.435140
#18
-518384.540732 4153461.969483 5511830.198400
#19
-1172072.159218 4104999.985760 5447518.973854
#20
-1815145.310731 4019362.486490 5333874.173912
#21
-2441780.225228 3897325.018129 5171924.983480
#22
-3046301.999886 3739992.770889 4963138.039506
#1586
-3111158.838291 3456375.535235 4354744.520905


#26000000000000
#1324
4289303.227674 690313.829139 5387539.850281
#1325
4025892.832270 1286763.329675 5480571.871300
#1326
3726023.327952 1871559.702238 5523970.984764
#1327
3392410.379388 2439406.940319 5517344.161582
#1392
2863744.530944 3025875.555246 5526597.993852
#1457
2244036.289251 3512157.809791 5525331.632730
#1458
1669698.282795 3834355.313953 5514532.434468
#1523
913937.891287 4065909.886338 5525697.723098
#17
132421.851102 4164399.304391 5526344.532052
#18
-525940.209542 4153117.926831 5511373.638380
#19
-1179539.274204 4104225.270199 5446490.891581
#20
-1822456.248543 4018164.113965 5332283.879858
#21
-2448868.776880 3895713.841287 5169786.879595
#22
-3053103.970358 3737983.380796 4960471.488788
#1586
-3111410.184786 3456149.276240 4354744.520905


#27000000000000
#1324
4286490.487841 697219.112975 5388889.106871
#1325
4022646.589508 1293565.145930 5481354.269627
#1326
3722372.980739 1878196.452610 5524179.439308
#1327
3388388.985832 2445818.521369 5516976.784546
#1392
2858332.202700 3031177.528783 5526494.441145
#1457
2237536.953814 3516049.831403 5525492.101470
#1458
1662995.179334 3837864.001202 5514117.149806
#1523
906591.553501 4067760.101800 5525546.172943
#17
124845.895048 4164484.058753 5526457.004889
#18
-533495.247942 4152768.906103 5510910.472230
#19
-1187004.975352 4103445.635167 5445456.280949
#20
-1829765.001893 4016960.925124 5330687.194338
#21
-2455954.393231 3894097.994902 5167642.579017
#22
-3059902.281270 3735969.510222 4957798.992272
#1586
-3111661.514827 3455922.998968 4354744.520905


#28000000000000
#1324
4283672.610066 704123.561099 5390231.904146
#1325
4019395.525058 1300365.411671 5482130.097807
#1326
3718718.171755 1884830.951707 5524381.272373
#1327
3384363.530832 2452227.170772 5516602.794665
#1392
2852916.448357 3036475.869042 5526384.264184
#1457
2231034.936385 3519937.638551 5525645.947158
#1522
1533146.546668 3891171.273126 5514389.249014
#1523
899244.129042 4069605.441498 5525387.999672
#17
117269.789349 4164563.821415 5526562.853516
#18
-541049.646875 4152414.907717 5510440.700505
#19
-1194469.253713 4102661.081598 5444415.143198
#20
-1837071.562021 4015752.921410 5329084.119265
#21
-2463037.065786 3892477.480912 5165492.084318
#22
-3066696.924473 3733951.161582 4955120.553160
#1586
-3111912.828411 3455696.703418 4354744.520905


#29000000000000
#1324
4280849.597729 711027.165235 5391568.240496
#1325
4016139.642816 1307164.118747 5482899.354909
#1326
3715058.905383 1891463.191580 5524576.483716
#1327
3380334.019212 2458632.880849 5516222.192385
#1392
2847497.274406 3041770.569672 5526267.463101
#1457
2224530.244757 3523821.226577 5525793.169608
#1522
1525924.520430 3893427.018621 5514800.214752
#1523
891895.626716 4071445.903222 5525223.203472
#17
109693.543087 4164638.592282 5526662.077808
#18
-548603.397286 4152055.932098 5509964.323769
#19
-1201932.100340 4101871.610432 5443367.479576
#20
-1844375.920170 4014540.104271 5327474.656561
#21
-2470116.786057 3890852.301259 5163335.398076
#22
-3073487.891824 3731928.337294 4952436.174664
#1586
-3112164.125538 3455470.389594 4354744.520905


#30000000000000
#1324
4278021.454212 717929.917109 5392898.114319
#1325
4012878.946686 1313961.259009 5483662.040012
#1326
3711395.186009 1898093.164276 5524765.073105
#1327
3376300.455803 2465035.643920 5515834.978165
#1392
2842074.687342 3047061.624327 5526144.038036
#1457
2218022.886728 3527700.590824 5525933.768645
#1522
1518700.665163 3895678.097315 5515204.570253
#1523
884546.055333 4073281.484764 5525051.784542
#17
102117.165342 4164708.371264 5526754.677645
#18
-556156.490122 4151691.979677 5509481.342593
#19
-1209393.506289 4101077.222617 5442313.291339
#20
-1851678.067583 4013322.475161 5325858.808155
#21
-2477193.545558 3889222.457891 5161172.522875
#22
-3080275.175182 3729901.039783 4949745.860000
#1586
-3112415.406206 3455244.057495 4354744.520905


#31000000000000
#1324
4275188.182905 724831.808447 5394221.524021
#1325
4009613.440575 1320756.824311 5484418.152202
#1326
3707727.018023 1904720.861850 5524947.040312
#1327
3372262.845440 2471435.452311 5515441.152467
#1392
2836648.693666 3052349.026665 5526013.989137
#1457
2211512.870097 3531575.726642 5526067.744100
#1522
1511474.989527 3897924.506510 5515602.315032
#1523
877195.423700 4075112.183926 5524873.743087
#17
94540.665195 4164773.158277 5526840.652915
#18
-563708.916329 4151323.050889 5508991.757555
#19
-1216853.462615 4100277.919103 5441252.579750
#20
-1858977.995509 4012100.035538 5324236.575984
#21
-2484267.335806 3887587.952763 5159003.461307
#22
-3087058.766412 3727869.271479 4947049.612394
#1586
-3112666.670415 3455017.707123 4354744.520905


#32000000000000
#1324
4272349.787204 731732.830975 5395538.468017
#1325
4006343.128398 1327550.806506 5485167.690571
#1326
3704054.405823 1911346.276358 5525122.385120
#1327
3368221.192962 2477832.298351 5515040.715764
#1392
2831219.299882 3057632.770349 5525877.316559
#1457
2205000.202667 3535446.629388 5526195.095813
#1522
1504247.502184 3900166.243513 5515993.448613
#1523
869843.740631 4076937.998513 5524689.079321
#17
86964.051729 4164832.953244 5526920.003517
#18
-571260.666854 4150949.146176 5508495.569243
#19
-1224311.960377 4099473.700850 5440185.346081
#20
-1866275.695198 4010872.786869 5322607.961993
#21
-2491338.148322 3885948.787832 5156828.215974
#22
-3093838.657383 3725833.034817 4944347.435077
#1586
-3112917.918162 3454791.338479 4354744.520905


#33000000000000
#1324
4269506.270513 738632.976421 5396848.944727
#1325
4003068.014074 1334343.197452 5485910.654222
#1326
3700377.353810 1917969.399857 5525291.107319
#1327
3364175.503213 2484226.174373 5514633.668535
#1392
2825786.512497 3062912.849044 5525734.020468
#1457
2198484.892246 3539313.294421 5526315.823630
#1522
1497018.211795 3902403.305637 5516377.970527
#1523
862491.014935 4078758.926335 5524497.793465
#17
79387.334025 4164887.756094 5526992.729354
#18
-578811.732646 4150570.265987 5507992.778250
#19
-1231768.990635 4098664.568820 5439111.591612
#20
-1873571.157901 4009640.730624 5320972.968133
#21
-2498405.974631 3884304.965063 5154646.789481
#22
-3100614.839968 3723792.332239 4941639.331288
#1586
-3113169.149446 3454564.951565 4354744.520905


#34000000000000
#1324
4266657.636238 745532.236516 5398152.952580
#1325
3999788.101531 1341133.989005 5486647.042264
#1326
3696695.866393 1924590.224410 5525453.206706
#1327
3360125.781043 2490617.072712 5514220.011270
#1392
2820350.338022 3068189.256422 5525584.101033
#1457
2191966.946642 3543175.717106 5526429.927407
#1522
1489787.127027 3904635.690200 5516755.880312
#1523
855137.255427 4080574.965212 5524299.885748
#17
71810.521164 4164937.566760 5527058.830341
#18
-586362.104653 4150186.410776 5507483.385180
#19
-1239224.544451 4097850.523985 5438031.317628
#20
-1880864.374875 4008403.868280 5319331.596364
#21
-2505470.806262 3882656.486428 5152459.184445
#22
-3107387.306045 3721747.166190 4938925.304273
#1586
-3113420.364267 3454338.546381 4354744.520905


#35000000000000
#1324
4263803.887794 752430.602990 5399450.490014
#1325
3996503.394698 1347923.173028 5487376.853815
#1326
3693009.947984 1931208.742080 5525608.683087
#1391
3274591.119482 2601909.362014 5514287.050206
#1392
2814910.782975 3073461.986159 5525427.558436
#1457
2185446.373667 3547033.892814 5526537.407007
#1522
1482554.256547 3906863.394528 5517127.177517
#1523
847782.470920 4082386.112964 5524095.356407
#17
64233.622229 4164982.385182 5527118.306396
#18
-593911.773826 4149797.581003 5506967.390643
#19
-1246678.612888 4097031.567319 5436944.525426
#20
-1888155.337378 4007162.201320 5317683.848655
#21
-2512532.634745 3881003.353901 5150265.403486
#22
-3114156.047496 3719697.539122 4936205.357286
#1586
-3113671.562622 3454112.122929 4354744.520905


#36000000000000
#1260
4147066.833030 569894.937113 5511560.345586
#1261
3987394.404015 1208705.982185 5526296.835627
#1326
3689319.603001 1937824.944934 5525757.536275
#1391
3269465.499490 2607474.676933 5514699.643389
#1392
2809467.853876 3078731.031934 5525264.392864
#1457
2178923.181139 3550887.816920 5526638.262302
#1522
1475319.609024 3909086.415949 5517491.861695
#1523
840426.670231 4084192.367423 5523884.205688
#17
56656.646300 4165022.211308 5527171.157450
#18
-601460.731115 4149403.777134 5506444.795258
#19
-1254131.187011 4096207.699805 5435851.216307
#20
-1895444.036670 4005915.731232 5316029.726979
#21
-2519591.451617 3879345.569465 5148065.449235
#22
-3120921.056209 3717643.453491 4933479.493586
#1586
-3113922.744510 3453885.681210 4354744.520905


#37000000000000
#1260
4145441.577857 577281.918319 5512014.215453
#1261
3985345.009569 1215999.821514 5526175.041453
#1326
3685624.835868 1944438.825042 5525899.766093
#1391
3264335.960600 2613036.866438 5515105.626456
#1392
2804021.557247 3083996.387432 5525094.604511
#1457
2172397.376875 3554737.484805 5526732.493171
#1522
1468083.193130 3911304.751800 5517849.932410
#1523
833069.862177 4085993.726423 5523666.433843
#17
49079.602462 4165057.045088 5527217.383438
#18
-609008.967471 4149004.999642 5505915.599652
#19
-1261582.257887 4095378.922429 5434751.391583
#20
-1902730.464015 4004664.459509 5314369.233319
#21
-2526647.248416 3877683.135107 5145859.324329
#22
-3127682.324074 3715584.911759 4930747.716441
#1586
-3114173.909931 3453659.221225 4354744.520905


#38000000000000
#1260
4143811.353810 584668.207574 5512461.478422
#1261
3983290.838146 1223292.203302 5526046.623408
#1326
3681925.651012 1951050.374475 5526035.372369
#1391
3259202.508960 2618595.923864 5515504.998920
#1392
2798571.899618 3089258.046341 5524918.193583
#1457
2165868.968698 3558582.891854 5526820.099500
#1522
1460845.017539 3913518.399420 5518201.389233
#1523
825712.055575 4087790.187804 5523442.041134
#17
41502.499794 4165086.886483 5527256.984306
#18
-616556.473848 4148601.249003 5505379.804457
#19
-1269031.816586 4094545.236185 5433645.052570
#20
-1910014.610679 4003408.387653 5312702.369667
#21
-2533700.016685 3876016.052819 5143647.031411
#22
-3134439.842987 3713521.916394 4928010.029125
#1586
-3114425.058882 3453432.742975 4354744.520905


#39000000000000
#1260
4142176.162842 592053.796025 5512902.133958
#1261
3981231.892209 1230583.118808 5525911.581646
#1326
3678222.052869 1957659.585310 5526164.354942
#1391
3254065.150724 2624151.842548 5515897.760302
#1392
2793118.887520 3094516.002356 5524735.160290
#1457
2159337.964433 3562424.033459 5526901.081184
#1522
1453605.090927 3915727.356157 5518546.231742
#1523
818353.259245 4089581.749414 5523211.027830
#17
33925.347380 4165111.735455 5527289.960006
#18
-624103.241198 4148192.525702 5504837.410318
#19
-1276479.854178 4093706.642074 5432532.200597
#20
-1917296.467932 4002147.517168 5311029.138019
#21
-2540749.747971 3874344.324599 5141428.573133
#22
-3141193.604848 3711454.469869 4925266.434920
#1586
-3114676.191362 3453206.246462 4354744.520905


#40000000000000
#1260
4140536.006913 599438.674820 5513336.181532
#1261
3979168.174224 1237872.559293 5525769.916328
#1326
3674514.045877 1964266.449624 5526286.713656
#1391
3248923.892048 2629704.615829 5516283.910131
#1392
2787662.527490 3099770.249172 5524545.504851
#1457
2152804.371908 3566260.905014 5526975.438127
#1522
1446363.421972 3917931.619363 5518884.459524
#1523
810993.482008 4091368.409104 5522973.394207
#17
26348.154302 4165131.591975 5527316.310498
#18
-631649.260475 4147778.830230 5504288.417883
#19
-1283926.361736 4092863.141098 5431412.836995
#20
-1924576.027044 4000881.849566 5309349.540381
#21
-2547796.433823 3872667.952451 5139203.952156
#22
-3147943.601562 3709382.574662 4922516.937115
#1586
-3114927.307371 3452979.731687 4354744.520905


#41000000000000
#1260
4138890.887990 606822.835105 5513763.620623
#1261
3977099.686665 1245160.516020 5525621.627624
#1326
3670801.634481 1970870.959498 5526402.448365
#1391
3243778.739096 2635254.237051 5516663.447945
#1392
2782202.826068 3105020.780493 5524349.227495
#1457
2146268.198954 3570093.501922 5527043.170240
#1522
1439120.019353 3920131.186397 5519216.072173
#1523
803632.732685 4093150.164734 5522729.140551
#17
18770.929642 4165146.456019 5527336.035751
#18
-639194.522635 4147360.163081 5503732.827811
#19
-1291371.330333 4092014.734271 5430286.963108
#20
-1931853.279290 3999611.386363 5307663.578767
#21
-2554840.065795 3870986.938385 5136973.171144
#22
-3154689.825038 3707306.233256 4919761.539004
#1586
-3115178.406906 3452753.198650 4354744.520905


#42000000000000
#1260
4137240.808044 614206.268031 5514184.450721
#1261
3975026.432013 1252446.980253 5525466.715713
#1326
3667084.823131 1977473.107016 5526511.558930
#1391
3238629.698034 2640800.699564 5517036.373289
#1392
2776739.789798 3110267.590025 5524146.328456
#1457
2139729.453407 3573921.819587 5527104.277440
#1522
1431874.891755 3922326.054620 5519541.069293
#1523
796271.020099 4094927.014168 5522478.267154
#17
11193.682483 4165156.327570 5527349.135741
#18
-646739.018633 4146936.524757 5503170.640768
#19
-1298814.751047 4091161.422608 5429154.580285
#20
-1939128.215948 3998336.129083 5305971.255198
#21
-2561880.635445 3869301.284416 5134736.232773
#22
-3161432.267190 3705225.448140 4917000.243891
#1586
-3115429.489967 3452526.647354 4354744.520905


#43000000000000
#1260
4135585.769053 621588.964747 5514598.671319
#1261
3972948.412752 1259731.943258 5525305.180779
#1326
3663363.616282 1984072.884263 5526614.045221
#1391
3233476.775035 2646343.996719 5517402.685715
#1392
2771273.425229 3115510.671479 5523936.807977
#1457
2133188.143103 3577745.853422 5527158.759656
#1522
1424628.047859 3924516.221403 5519859.450493
#1523
788908.353074 4096698.955276 5522220.774317
#17
3616.421907 4165161.206615 5527355.610453
#18
-654282.739427 4146507.915768 5502601.857427
#19
-1306256.614954 4090303.207132 5428015.689882
#20
-1946400.828298 3997056.079254 5304272.571701
#21
-2568918.134332 3867610.992563 5132493.139723
#22
-3168170.919936 3703140.221809 4914233.055086
#1586
-3115680.556552 3452300.077799 4354744.520905


#44000000000000
#1260
4133925.773001 628970.916405 5515006.281922
#1261
3970865.631372 1267015.396303 5525137.023017
#1326
3659638.018394 1990670.283330 5526709.907114
#1391
3228319.976275 2651884.121871 5517762.384785
#1392
2765803.738911 3120750.018570 5523720.666310
#1457
2126644.275884 3581565.598843 5527206.616821
#1522
1417379.496354 3926701.684121 5520171.215392
#1523
781544.740435 4098465.985933 5521956.662348
#17
-3960.843005 4165161.093149 5527355.459878
#18
-661825.675974 4146074.336625 5502026.478471
#19
-1313696.913136 4089440.088873 5426870.293266
#20
-1953671.107621 3995771.238411 5302567.530313
#21
-2575952.554023 3865916.064853 5130243.894683
#22
-3174905.775199 3701050.556761 4911459.975905
#1586
-3115931.606659 3452073.489986 4354744.520905


#45000000000000
#1260
4132260.821877 636352.114155 5515407.282041
#1261
3968778.090371 1274297.330659 5524962.242628
#1326
3655908.033932 1997265.296308 5526799.144495
#1391
3223159.307935 2657421.068379 5518115.470068
#1392
2760330.737403 3125985.625019 5523497.903713
#1457
2120097.859593 3585381.051271 5527247.848879
#1522
1410129.245926 3928882.440153 5520476.363616
#1523
774180.191009 4100228.104023 5521685.931564
#17
-11538.103168 4165155.987171 5527348.684017
#18
-669367.819233 4145635.787849 5501444.504590
#19
-1321135.636674 4088572.068865 5425718.391809
#20
-1960939.045205 3994481.608093 5300856.133078
#21
-2582983.886084 3864216.503318 5127988.500349
#22
-3181636.824906 3698956.455501 4908681.009672
#1586
-3116182.640288 3451846.883918 4354744.520905


#46000000000000
#1260
4130590.917678 643732.549151 5515801.671195
#1261
3966685.792250 1281577.737595 5524780.839821
#1326
3652173.667369 2003857.915292 5526881.757257
#1391
3217994.776201 2662954.829608 5518461.941140
#1392
2754854.427263 3131217.484549 5523268.520455
#1457
2113548.902076 3589192.206133 5527282.455779
#1522
1402877.305267 3931058.486886 5520774.894799
#1523
766814.713622 4101985.307432 5521408.582290
#17
-19115.349502 4165145.888689 5527335.282878
#18
-676909.160164 4145192.269966 5500855.936479
#19
-1328572.776651 4087699.148147 5424559.986891
#20
-1968204.632337 3993187.189847 5299138.382048
#21
-2590012.122089 3862512.309995 5125726.959424
#22
-3188364.060989 3696857.920539 4905896.159718
#1586
-3116433.657437 3451620.259594 4354744.520905


#47000000000000
#1260
4128916.062404 651112.212547 5516189.448912
#1261
3964588.739518 1288856.608387 5524592.814815
#1326
3648434.923179 2010448.132381 5526957.745300
#1391
3212826.387264 2668485.398924 5518801.797586
#1392
2749374.815056 3136445.590890 5523032.516808
#1457
2106997.411185 3592999.058861 5527310.437481
#1522
1395623.683070 3933229.821712 5521066.808584
#1523
759448.317104 4103737.594055 5521124.614858
#17
-26692.572923 4165130.797714 5527315.256477
#18
-684449.689728 4144743.783507 5500260.774846
#19
-1336008.324153 4086821.327767 5423395.079902
#20
-1975467.860308 3991887.985224 5297414.279280
#21
-2597037.253612 3860803.486927 5123459.274620
#22
-3195087.475385 3694754.954392 4903105.429382
#1586
-3116684.658105 3451393.617016 4354744.520905


#48000000000000
#1260
4127236.258064 658491.095495 5516570.614727
#1261
3962486.934688 1296133.934310 5524398.167833
#1326
3644691.805845 2017035.939674 5527027.108534
#1391
3207654.147317 2674012.769697 5519135.038998
#1392
2743891.907350 3141669.937775 5522789.893058
#1457
2100443.394770 3596801.604891 5527331.793951
#1522
1388368.388027 3935396.442028 5521352.104621
#1523
752081.010284 4105484.961791 5520834.029608
#17
-34269.764350 4165110.714263 5527288.604839
#18
-691989.398886 4144290.329010 5499659.020404
#19
-1343442.270268 4085938.608777 5422223.672237
#20
-1982728.720413 3990583.995780 5295683.826842
#21
-2604059.272233 3859090.036161 5121185.448654
#22
-3201807.060035 3692647.559578 4900308.822008
#1586
-3116935.642290 3451166.956186 4354744.520905


#49000000000000
#1260
4125551.506671 665869.189153 5516945.168183
#1261
3960380.380279 1303409.706639 5524196.899110
#1326
3640944.319853 2023621.329276 5527089.846875
#1391
3202478.062562 2679536.935303 5519461.664978
#1392
2738405.710717 3146890.518942 5522540.649494
#1457
2093886.860689 3600599.839666 5527346.525163
#1522
1381111.428837 3937558.345237 5521630.782567
#1523
744712.801993 4107227.408546 5520536.826889
#17
-41846.914700 4165085.638362 5527255.327994
#18
-699528.278600 4143831.907017 5499050.673873
#19
-1350874.606084 4085050.992235 5421045.765300
#20
-1989987.203948 3989275.223080 5293947.026807
#21
-2611078.169536 3857371.959751 5118905.484251
#22
-3208522.806885 3690535.738626 4897506.340948
#1586
-3117186.609991 3450940.277104 4354744.520905


#50000000000000
#1260
4123861.810244 673246.484676 5517313.108831
#1261
3958269.078816 1310683.916656 5523989.008887
#1326
3637192.469694 2030204.293293 5527145.960249
#1391
3197298.139201 2685057.889120 5519781.675133
#1392
2732916.231733 3152107.328133 5522284.786414
#1457
2087327.816801 3604393.758634 5527354.631099
#1522
1373852.814197 3939715.528747 5521902.842089
#1523
737343.701063 4108964.932231 5520233.007057
#17
-49424.014890 4165055.570040 5527215.425983
#18
-707066.319834 4143368.518080 5498435.735983
#19
-1358305.322695 4084158.479204 5419861.360504
#20
-1997243.302213 3987961.668692 5292203.881258
#21
-2618093.937107 3855649.259757 5116619.384146
#22
-3215234.707884 3688419.494065 4894697.989562
#1586
-3117437.561207 3450713.579772 4354744.520905


#51000000000000
#1260
4122167.170809 680622.973222 5517674.436230
#1261
3956153.032831 1317956.555639 5523774.497413
#1326
3633436.259866 2036784.823834 5527195.448588
#1391
3192114.383445 2690575.624531 5520095.069080
#1392
2727423.476977 3157320.359095 5522022.304127
#1457
2080766.270966 3608183.357246 5527356.111750
#1522
1366592.552808 3941867.989973 5522168.282861
#1523
729973.716326 4110697.530763 5519922.570476
#17
-57001.055839 4165020.509334 5527168.898854
#18
-714603.513554 4142900.162753 5497814.207472
#19
-1365734.411191 4083261.070754 5418670.459269
#20
-2004497.006511 3986643.334190 5290454.392285
#21
-2625106.566537 3853921.938245 5114327.151077
#22
-3221942.754987 3686298.828432 4891883.771216
#1586
-3117688.495937 3450486.864190 4354744.520905


#52000000000000
#1260
4120467.590397 687998.645949 5518029.149947
#1261
3954032.244858 1325227.614873 5523553.364945
#1326
3629675.694872 2043362.913012 5527238.311832
#1391
3186926.801506 2696090.134921 5520401.846444
#1392
2721927.453035 3162529.605581 5521753.202946
#1457
2074202.231051 3611968.630960 5527350.967115
#1522
1359330.653372 3944015.726335 5522427.104564
#1523
722602.856616 4112425.202066 5519605.517518
#17
-64578.028465 4164980.456285 5527115.746663
#18
-722139.850724 4142426.841597 5497186.089083
#19
-1373161.862670 4082358.767962 5417473.063021
#20
-2011748.308148 3985320.221155 5288698.561983
#21
-2632116.049420 3852189.997283 5112028.787792
#22
-3228646.940155 3684173.744269 4889063.689283
#1586
-3117939.414178 3450260.130361 4354744.520905


#53000000000000
#1260
4118763.071044 695373.494016 5518377.249556
#1261
3951906.717442 1332497.085641 5523325.611749
#1326
3625910.779218 2049938.552942 5527274.549930
#1391
3181735.399602 2701601.413682 5520702.006857
#1392
2716428.166492 3167735.061345 5521477.483194
#1457
2067635.704922 3615749.575239 5527339.197199
#1522
1352067.124594 3946158.735259 5522679.306888
#1523
715231.130769 4114147.944070 5519281.848564
#17
-72154.923685 4164935.410941 5527055.969472
#18
-729675.322312 4141948.555181 5496551.381571
#19
-1380587.668228 4081451.571908 5416269.173195
#20
-2018997.198430 3983992.331172 5286936.392458
#21
-2639122.377354 3850453.438949 5109724.297047
#22
-3235347.255351 3682044.244124 4886237.747143
#1586
-3118190.315931 3450033.378285 4354744.520905


#54000000000000
#1260
4117053.614795 702747.508583 5518718.734641
#1261
3949776.453128 1339764.959231 5523091.238096
#1326
3622141.517418 2056511.735743 5527304.162840
#1391
3176540.183957 2707109.454206 5520995.549958
#1392
2710925.623942 3172936.720148 5521195.145201
#1457
2061066.700451 3619526.185552 5527320.802016
#1522
1344801.975180 3948297.014175 5522924.889532
#1523
707858.547620 4115865.754708 5518951.564001
#17
-79731.732417 4164885.373356 5526989.567355
#18
-737209.919285 4141465.304076 5495910.085695
#19
-1388011.818963 4080539.483681 5415058.791236
#20
-2026243.668670 3982659.665834 5285167.885821
#21
-2646125.541943 3848712.265323 5107413.681604
#22
-3242043.692544 3679910.330549 4883405.948183
#1586
-3118441.201192 3449806.607964 4354744.520905


#55000000000000
#1260
4115339.223698 710120.680812 5519053.604793
#1261
3947641.454471 1347031.226930 5522850.244269
#1326
3618367.913990 2063082.453535 5527327.150525
#1391
3171341.160796 2712614.249892 5521282.475397
#1392
2705419.831978 3178134.575756 5520906.189306
#1457
2054495.225512 3623298.457370 5527295.781588
#1522
1337535.213838 3950430.560522 5523163.852199
#1523
700485.116006 4117578.631922 5518614.664224
#17
-87308.445581 4164830.343591 5526916.540390
#18
-744743.632611 4140977.088863 5495262.202224
#19
-1395434.305979 4079622.504372 5413841.918593
#20
-2033487.710183 3981322.226737 5283393.044193
#21
-2653125.534790 3846966.478493 5105096.944231
#22
-3248736.243707 3677772.006102 4880568.295798
#1586
-3118692.069962 3449579.819398 4354744.520905


#56000000000000
#1260
4113619.899808 717493.001865 5519381.859609
#1261
3945501.724029 1354295.880030 5522602.630555
#1326
3614589.973456 2069650.698442 5527343.512957
#1391
3166138.336353 2718115.794141 5521562.782829
#1392
2699910.797202 3183328.621938 5520610.615856
#1457
2047921.287982 3627066.386174 5527264.135946
#1522
1330266.849278 3952559.371741 5523396.194605
#1523
693110.844766 4119286.573659 5518271.149639
#17
-94885.054093 4164770.321711 5526836.888665
#18
-752276.453261 4140483.910127 5494607.731936
#19
-1402855.120376 4078700.635082 5412618.556726
#20
-2040729.314283 3979980.015484 5281611.869701
#21
-2660122.347506 3845216.080551 5102774.087707
#22
-3255424.900819 3675629.273346 4877724.793390
#1586
-3118942.922239 3449353.012589 4354744.520905


#57000000000000
#1260
4111895.645186 724864.462905 5519703.498696
#1261
3943357.264368 1361558.909822 5522348.397253
#1326
3610807.700345 2076216.462592 5527353.250118
#1391
3160931.716863 2723614.080359 5521836.471917
#1392
2694398.526217 3188518.852469 5520308.425203
#1457
2041344.895740 3630829.967446 5527225.865128
#1522
1322996.890213 3954683.445280 5523621.916470
#1523
685735.742738 4120989.577872 5517921.020656
#17
-102461.548872 4164705.307788 5526750.612275
#18
-759808.372206 4139985.768458 5493946.675614
#19
-1410274.253261 4077773.876916 5411388.707100
#20
-2047968.472293 3978633.033686 5279824.364480
#21
-2667115.971704 3843461.073596 5100445.114815
#22
-3262109.655862 3673482.134849 4874875.444366
#1586
-3119193.758021 3449126.187539 4354744.520905


#58000000000000
#1196
4149300.031265 603433.635573 5506307.119840
#1261
3941208.078058 1368820.307601 5522087.544666
#1326
3607021.099191 2082779.738115 5527356.361995
#1391
3155721.308567 2729109.101956 5522103.542336
#1392
2688883.025628 3193705.261127 5519999.617712
#1457
2034766.056668 3634589.196675 5527180.969178
#1522
1315725.345357 3956802.778595 5523841.017525
#1523
678359.818763 4122687.642519 5517564.277696
#17
-110037.920838 4164635.301900 5526657.711324
#18
-767339.380417 4139482.664454 5493279.034051
#19
-1417691.695742 4076842.230984 5410152.371190
#20
-2055205.175535 3977281.282955 5278030.530673
#21
-2674106.399001 3841701.459730 5098110.028346
#22
-3268790.500823 3671330.593184 4872020.252142
#1586
-3119444.577308 3448899.344247 4354744.520905


#59000000000000
#1196
4148899.953927 610981.682013 5505776.199279
#1261
3939054.167674 1376080.064663 5521820.073107
#1326
3603230.174532 2089340.517143 5527352.848586
#1391
3150507.117711 2734600.852346 5522363.993763
#1392
2683364.302048 3198887.841695 5519684.193752
#1457
2028184.778653 3638344.069356 5527129.448152
#1522
1308452.223425 3958917.369144 5524053.497506
#1523
670983.081682 4124380.765565 5517200.921186
#17
-117614.160908 4164560.304132 5526558.185924
#18
-774869.468868 4138974.598718 5492604.808047
#19
-1425107.438926 4075905.698402 5408909.550478
#20
-2062439.415333 3975924.764912 5276230.370429
#21
-2681093.621019 3839937.241064 5095768.831101
#22
-3275467.427696 3669174.650931 4869159.220139
#1586
-3119695.380097 3448672.482717 4354744.520905


#60000000000000
#1196
4148494.903568 618528.996108 5505238.679299
#1261
3936895.535799 1383338.172306 5521545.982897
#1326
3599434.930912 2095898.791813 5527342.709893
#1391
3145289.150543 2740089.324944 5522617.825887
#1392
2677842.362092 3204066.587961 5519362.153700
#1457
2021601.069584 3642094.580987 5527071.302110
#1522
1301177.533135 3961027.214393 5524259.356158
#1523
663605.540336 4126068.944981 5516830.951561
#17
-125190.260002 4164480.314572 5526452.036193
#18
-782398.628532 4138461.571859 5491923.998411
#19
-1432521.473925 4074964.280295 5407660.246453
#20
-2069671.183019 3974563.481184 5274423.885907
#21
-2688077.629382 3838168.419711 5093421.525885
#22
-3282140.428475 3667014.310675 4866292.351789
#1586
-3119946.166388 3448445.602947 4354744.520905


#61000000000000
#1196
4148084.880675 626075.568812 5504694.560541
#1261
3934732.185021 1390594.621830 5521265.274364
#1326
3595635.372881 2102454.554264 5527325.945929
#1391
3140067.413320 2745574.513174 5522865.038403
#1392
2672317.212378 3209241.493719 5519033.497943
#1457
2015014.937351 3645840.727073 5527006.531123
#1522
1293901.283207 3963132.311813 5524458.593236
#1523
656227.203569 4127752.178743 5516454.369265
#17
-132766.209038 4164395.333317 5526339.262259
#18
-789926.850385 4137943.584492 5491236.605957
#19
-1439933.791853 4074017.977789 5406404.460613
#20
-2076900.469922 3973197.433401 5272611.079271
#21
-2695058.415719 3836394.997793 5091068.115511
#22
-3288809.495164 3664849.575003 4863419.650526
#1586
-3120196.936179 3448218.704941 4354744.520905


#62000000000000
#1196
4147669.885739 633621.391079 5504143.843660
#1261
3932564.117931 1397849.404538 5520977.947845
#1326
3591831.504993 2109007.796637 5527302.556715
#1391
3134841.912300 2751056.410459 5523105.631016
#1392
2666788.859529 3214412.552765 5518698.226875
#1457
2008426.389848 3649582.503123 5526935.135268
#1522
1286623.482363 3965232.658881 5524651.208499
#1523
648848.080224 4129430.464833 5516071.174749
#17
-140341.998935 4164305.360469 5526219.864257
#18
-797454.125404 4137420.637237 5490542.631511
#19
-1447344.383824 4073066.792019 5405142.194463
#20
-2084127.267378 3971826.623202 5270791.952695
#21
-2702035.971663 3834616.977434 5088708.602801
#22
-3295474.619768 3662680.446512 4860541.119794
#1586
-3120447.689468 3447991.788699 4354744.520905


#63000000000000
#1196
4147249.919257 641166.453865 5503586.529315
#1261
3930391.337130 1405102.511733 5520684.003685
#1326
3588023.331807 2115558.511078 5527272.542277
#1391
3129612.653745 2756535.010230 5523339.603436
#1392
2661257.310171 3219579.758901 5518356.340898
#1457
2001835.434975 3653319.904654 5526857.114630
#1522
1279344.139326 3967328.253079 5524837.201718
#1523
641468.179147 4131103.801240 5515681.368473
#17
-147917.620614 4164210.396135 5526093.842329
#18
-804980.444566 4136892.730722 5489842.075904
#19
-1454753.240957 4072110.724126 5403873.449516
#20
-2091351.566724 3970451.052230 5268966.508359
#21
-2709010.288849 3832834.360765 5086342.990582
#22
-3302135.794298 3660506.927801 4857656.763043
#1586
-3120698.426256 3447764.854222 4354744.520905


#64000000000000
#1196
4146824.981733 648710.748126 5503022.618175
#1261
3928213.845220 1412353.934722 5520383.442234
#1326
3584210.857887 2122106.689735 5527235.902654
#1391
3124379.643926 2762010.305920 5523566.955385
#1392
2655722.570935 3224743.105934 5518007.840422
#1457
1995242.080629 3657052.927185 5526772.469304
#1522
1272063.262822 3969419.091896 5525016.572670
#1523
634087.509184 4132772.185958 5515284.950904
#17
-155493.064994 4164110.440430 5525961.196628
#18
-812505.798849 4136359.865579 5489134.939976
#19
-1462160.354371 4071149.775255 5402598.227293
#20
-2098573.359302 3969070.722132 5267134.748451
#21
-2715981.358919 3831047.149925 5083971.281691
#22
-3308793.010770 3658329.021475 4854766.583732
#1586
-3120949.146539 3447537.901512 4354744.520905


#65000000000000
#1196
4146395.073676 656254.264819 5502452.110914
#1261
3926031.644813 1419603.664814 5520076.263855
#1326
3580394.087805 2128652.324759 5527192.637887
#1391
3119142.889112 2767482.290965 5523787.686588
#1392
2650184.648455 3229902.587674 5517652.725864
#1457
1988646.334715 3660781.566241 5526681.199391
#1522
1264780.861576 3971505.172824 5525189.321138
#1523
626706.079180 4134435.616988 5514881.922517
#17
-163068.322994 4164005.493473 5525821.927312
#18
-820030.179234 4135822.042448 5488421.224574
#19
-1469565.715186 4070183.946558 5401316.529322
#20
-2105792.636454 3967685.634565 5265296.675167
#21
-2722949.173516 3829255.347054 5081593.478970
#22
-3315446.261204 3656146.730145 4851870.585323
#1586
-3121199.850317 3447310.930569 4354744.520905


#66000000000000
#1196
4145960.195602 663796.994903 5501875.008217
#1261
3923844.738524 1426851.693317 5519762.468914
#1326
3576573.026133 2135195.408304 5527142.748029
#1391
3113902.395583 2772950.958807 5524001.796781
#1392
2644643.549369 3235058.197937 5517290.997649
#1457
1982048.205138 3664505.817353 5526583.304999
#1522
1257496.944319 3973586.493364 5525355.446917
#1523
619323.897984 4136094.092335 5514472.283795
#17
-170643.385534 4163895.555390 5525676.034548
#18
-827553.576701 4135279.261971 5487700.930554
#19
-1476969.314528 4069213.239193 5400028.357140
#20
-2113009.389528 3966295.791187 5263452.290710
#21
-2729913.724289 3827458.954300 5079209.585269
#1586
-3121450.537589 3447083.941396 4354744.520905


#67000000000000
#1196
4145520.348031 671338.929335 5501291.310776
#1261
3921653.128974 1434098.011545 5519442.057789
#1326
3572747.677454 2141735.932527 5527086.233140
#1391
3108658.169618 2778416.302890 5524209.285708
#1392
2639099.280318 3240209.930544 5516922.656213
#1457
1975447.699807 3668225.676057 5526478.786247
#1522
1250211.519782 3975663.051022 5525514.949808
#1523
611940.974444 4137747.610011 5514056.035229
#17
-178218.243535 4163780.626312 5525523.518511
#18
-835075.982233 4134731.524802 5486974.058779
#19
-1484371.143521 4068237.654323 5398733.712291
#20
-2120223.609873 3964901.193665 5261601.597290
#21
-2736875.002890 3825657.973817 5076819.603445
#1586
-3121701.208353 3446856.933992 4354744.520905


#68000000000000
#1196
4145075.531491 678880.059076 5500701.019291
#1261
3919456.818790 1441342.610812 5519115.030863
#1326
3568918.046351 2148273.889589 5527023.093288
#1391
3103410.217505 2783878.316664 5524410.153120
#1392
2633551.847948 3245357.779319 5516547.701995
#1457
1968844.826634 3671941.137895 5526367.643260
#1522
1242924.596696 3977734.843307 5525667.829618
#16
472694.180142 4155435.825046 5514449.593204
#17
-185792.887917 4163660.706378 5525364.379384
#18
-842597.386813 4134178.831594 5486240.610120
#19
-1491771.193294 4067257.193118 5397432.596326
#20
-2127435.288843 3963501.843671 5259744.597127
#21
-2743833.000974 3823852.407764 5074423.536364
#1586
-3121951.862608 3446629.908360 4354744.520905


#69000000000000
#1196
4144625.746515 686420.375088 5500104.134468
#1261
3917255.810605 1448585.482434 5518781.388528
#1326
3565084.137415 2154809.271653 5526953.328548
#1391
3098158.545533 2789336.993582 5524604.398776
#1392
2628001.258909 3250501.738092 5516166.135445
#1457
1962239.593533 3675652.198413 5526249.876170
#1522
1235636.183796 3979801.867737 5525814.086165
#16
465134.326522 4155744.783545 5514859.594979
#17
-193367.309602 4163535.795731 5525198.617357
#18
-850117.781426 4133621.183013 5485500.585457
#19
-1499169.454977 4066271.856753 5396125.010805
#20
-2134644.417792 3962097.742882 5257881.292445
#21
-2750787.710202 3822042.258304 5072021.386897
#1586
-3122202.500353 3446402.864500 4354744.520905


#70000000000000
#1196
4144170.993643 693959.868332 5499500.657023
#1261
3915050.107057 1455826.617730 5518441.131184
#1326
3561245.955241 2161342.070886 5526876.939004
#1391
3092903.159997 2794792.327101 5524792.022444
#1392
2622447.519854 3255641.800697 5515777.957022
#1457
1955632.008422 3679358.853162 5526125.485120
#1522
1228346.289818 3981864.121833 5525953.719273
#16
457573.915375 4156048.760819 5515262.986446
#17
-200941.499509 4163405.894522 5525026.232629
#18
-857637.157057 4133058.579724 5484753.985677
#19
-1506565.919701 4065281.646409 5394810.957296
#20
-2141850.988080 3960688.892980 5256011.685478
#21
-2757739.122237 3820227.527608 5069613.157924
#1586
-3122453.121586 3446175.802414 4354744.520905


#71000000000000
#1196
4143711.273418 701498.529770 5498890.587680
#1261
3912839.710789 1463066.008019 5518094.259239
#1326
3557403.504431 2167872.279456 5526793.924748
#1391
3087644.067197 2800244.310681 5524973.023898
#1392
2616890.637439 3260777.960973 5515383.167189
#1457
1949022.079220 3683061.097700 5525994.470258
#1522
1221054.923500 3983921.603125 5526086.728775
#16
450012.955763 4156347.756504 5515659.767122
#17
-208515.448561 4163271.002905 5524847.225407
#18
-865155.504693 4132491.022404 5484000.811675
#19
-1513960.578602 4064286.563273 5393490.437373
#20
-2149054.991069 3959275.295655 5254135.778468
#21
-2764687.228747 3818408.217850 5067198.852331
#1586
-3122703.726305 3445948.722103 4354744.520905


#72000000000000
#1196
4143246.586393 709036.350367 5498273.927170
#1261
3910624.624452 1470303.644626 5517740.773109
#1326
3553556.789589 2174399.889538 5526704.285878
#1391
3082381.273436 2805692.937789 5525147.402922
#1392
2611330.618325 3265910.212764 5514981.766421
#1457
1942409.813850 3686758.927590 5525856.831741
#1522
1213762.093583 3985974.309146 5526213.114512
#16
442451.456750 4156641.770242 5516049.936531
#17
-216089.147678 4163131.121042 5524661.595905
#18
-872672.815323 4131918.511733 5483241.064352
#19
-1521353.422815 4063286.608538 5392163.452620
#20
-2156256.418123 3957856.952601 5252253.573663
#21
-2771632.021404 3816584.331211 5064778.473011
#1586
-3122954.314511 3445721.623568 4354744.520905


#73000000000000
#1196
4142776.933125 716573.321088 5497650.676232
#1261
3908404.850701 1477539.518874 5517380.673217
#1326
3549705.815327 2180924.893305 5526608.022503
#1391
3077114.785022 2811138.201892 5525315.159306
#1392
2605767.469177 3271038.549919 5514573.755199
#1457
1935795.220238 3690452.338398 5525712.569734
#1522
1206467.808806 3988022.237436 5526332.876332
#16
434889.427399 4156930.801680 5516433.494204
#17
-223662.587784 4162986.249101 5524469.344346
#18
-880189.079936 4131341.048395 5482474.744621
#19
-1528744.443480 4062281.783401 5390830.004626
#20
-2163455.260612 3956433.865517 5250365.073318
#21
-2778573.491884 3814755.869878 5062352.022868
#1586
-3123204.886200 3445494.506810 4354744.520905


#74000000000000
#1196
4142302.314176 724109.432898 5497020.835613
#1261
3906180.392195 1484773.622090 5517013.959995
#1326
3545850.586261 2187447.282938 5526505.134737
#1391
3071844.608269 2816580.096465 5525476.292850
#1392
2600201.196663 3276162.966289 5514159.134010
#1457
1929178.306313 3694141.325697 5525561.684411
#1522
1199172.077915 3990065.385539 5526446.014092
#16
427326.876774 4157214.850473 5516810.439683
#17
-231235.759799 4162836.387256 5524270.470961
#18
-887704.289523 4130758.633085 5481701.853399
#19
-1536133.631737 4061272.089069 5389490.094990
#20
-2170651.509905 3955006.036111 5248470.279698
#21
-2785511.631866 3812922.836042 5059919.504807
#1586
-3123455.441373 3445267.371831 4354744.520905


#75000000000000
#1196
4141822.730114 731644.676765 5496384.406068
#1261
3903951.251602 1492005.945603 5516640.633882
#1326
3541991.107011 2193967.050619 5526395.622705
#1391
3066570.749493 2822018.614984 5525630.803360
#1456
2488656.546011 3361368.737954 5514347.631724
#1457
1922559.080006 3697825.885067 5525404.175951
#1522
1191874.909652 3992103.751007 5526552.527656
#16
419763.813939 4157493.916278 5517180.772516
#17
-238808.654647 4162681.535686 5524064.975987
#18
-895218.435076 4130171.266499 5480922.391613
#19
-1543520.978729 4060257.526750 5388143.725319
#20
-2177845.157378 3953573.466092 5246569.195074
#21
-2792446.433035 3811085.231900 5057480.921746
#1586
-3123705.980027 3445040.218632 4354744.520905


#76000000000000
#1196
4141338.181516 739179.043657 5495741.388360
#1261
3901717.431593 1499236.480744 5516260.695327
#1326
3538127.382204 2200484.188532 5526279.486537
#1391
3061293.215015 2827453.750930 5525778.690651
#1456
2482264.733250 3365417.223420 5514759.260963
#1457
1915937.549250 3701506.012090 5525240.044544
#1522
1184576.312766 3994137.331396 5526652.416896
#16
412200.247960 4157767.998763 5517544.492258
#17
-246381.263250 4162521.694577 5523852.859671
#18
-902731.507588 4129578.949342 5480136.360197
#19
-1550906.475601 4059238.097661 5386790.897226
#20
-2185036.194408 3952136.157179 5244661.821724
#21
-2799377.887077 3809243.059654 5055036.276608
#1586
-3123956.502161 3444813.047213 4354744.520905


#77000000000000
#1132
4339046.266515 588749.849550 5359691.419447
#1197
4079382.033230 1397373.998827 5413522.802609
#1262
3687265.259647 2127188.173446 5457049.237431
#1327
3182242.649685 2762500.657560 5490187.868872
#1392
2583483.705661 3291512.629298 5512875.615662
#1457
1909313.721984 3705181.702356 5525069.290386
#1522
1177276.296004 3996166.124270 5526745.681692
#16
404636.187904 4158037.097598 5517901.598473
#17
-253953.576532 4162356.864121 5523634.122267
#18
-910243.498053 4128981.682324 5479343.760094
#19
-1558290.113502 4058213.803024 5385431.612332
#20
-2192224.612375 3950694.111094 5242748.161934
#21
-2806305.985684 3807396.321514 5052585.572322
#1586
-3124207.007775 3444585.857576 4354744.520905


#78000000000000
#1132
4339868.659237 596135.046912 5358209.031609
#1197
4078458.886058 1404794.374597 5412297.744935
#1262
3684626.546041 2134225.228620 5456083.841890
#1327
3178020.374212 2768753.006255 5489483.973148
#1392
2577905.006438 3296621.301156 5512434.559661
#1457
1902687.606145 3708852.951458 5524891.913683
#1522
1169974.868116 3998190.127196 5526832.321934
#16
397071.642836 4158301.212461 5518252.090735
#17
-261525.585416 4162187.044514 5523408.764038
#18
-917754.397469 4128379.466161 5478544.592253
#19
-1565671.883580 4057184.644067 5384065.872267
#20
-2199410.402663 3949247.329566 5240828.217999
#21
-2813230.720553 3805545.019692 5050128.811826
#1586
-3124457.496866 3444358.649723 4354744.520905


#79000000000000
#1132
4340685.850038 603519.529725 5356720.221229
#1197
4077530.850300 1412213.066530 5411066.199888
#1262
3681983.415909 2141259.725635 5455111.906491
#1327
3173794.289450 2775002.036224 5488773.497532
#1392
2572323.217247 3301726.021567 5511986.896258
#1457
1896059.209677 3712519.754996 5524707.914647
#1522
1162672.037855 4000209.337748 5526912.337516
#16
389506.621824 4158560.343036 5518595.968622
#17
-269097.280826 4162012.235961 5523176.785253
#18
-925264.196831 4127772.301574 5477738.857633
#19
-1573051.776988 4056150.622023 5382693.678668
#20
-2206593.556659 3947795.814329 5238901.992219
#21
-2820152.083382 3803689.156408 5047665.998065
#1586
-3124707.969433 3444131.423655 4354744.520905


#80000000000000
#1132
4341497.837936 610903.289138 5355224.990093
#1197
4076597.927067 1419630.065734 5409828.168943
#1262
3679335.872421 2148291.656060 5454133.432400
#1327
3169564.400464 2781247.739977 5488056.442875
#1392
2566738.344776 3306826.784411 5511532.625991
#1457
1889428.540525 3716182.108576 5524517.293498
#1522
1155367.813973 4002223.753506 5526985.728343
#16
381941.133935 4158814.489011 5518933.231722
#17
-276668.653687 4161832.438672 5522938.186191
#18
-932772.887138 4127160.189292 5476926.557198
#19
-1580429.784879 4055111.738132 5381315.033180
#20
-2213774.065753 3946339.567122 5236969.486904
#21
-2827070.065877 3801828.733886 5045197.133991
#1586
-3124958.425475 3443904.179372 4354744.520905


#81000000000000
#1132
4342304.621960 618286.316301 5353723.339992
#1197
4075660.117479 1427045.363319 5408583.653585
#1262
3676683.918748 2155321.011466 5453148.420789
#1327
3165330.712325 2787490.110026 5487332.810038
#1392
2561150.395722 3311923.583573 5511071.749403
#1457
1882795.606636 3719840.007806 5524320.050464
#1522
1148062.205227 4004233.372055 5527052.494328
#16
374375.188238 4159063.650082 5519263.879631
#17
-284239.694922 4161647.652861 5522692.967137
#18
-940280.459390 4126543.130048 5476107.691923
#19
-1587805.898411 4054067.993639 5379929.937455
#20
-2220951.921339 3944878.589691 5235030.704370
#21
-2833984.659744 3799963.754355 5042722.222562
#1586
-3125208.864991 3443676.916876 4354744.520905


#82000000000000
#1132
4343106.201143 625668.602364 5352215.272727
#1197
4074717.422658 1434458.950396 5407332.655304
#1262
3674027.558070 2162347.783426 5452156.872839
#1327
3161093.230108 2793729.138890 5486602.599887
#1392
2555559.376780 3317016.412946 5510604.267047
#1457
1876160.415960 3723493.448303 5524116.185783
#1522
1140755.220371 4006238.190986 5527112.635389
#16
366808.793801 4159307.825951 5519587.911953
#17
-291810.395458 4161457.878750 5522441.128386
#18
-947786.904588 4125921.124581 5475282.262790
#19
-1595180.108742 4053019.389794 5378538.393153
#20
-2228127.114811 3943412.883787 5233085.646941
#21
-2840895.856695 3798094.220052 5040241.266747
#1586
-3125459.287980 3443449.636168 4354744.520905


#83000000000000
#1132
4343902.574522 633050.138478 5350700.790105
#1197
4073769.843735 1441870.818079 5406075.175601
#1262
3671366.793572 2169371.963519 5451158.789739
#1327
3156851.958891 2799964.819090 5485865.813298
#1392
2549965.294654 3322105.266423 5510130.179484
#1457
1869522.976452 3727142.425687 5523905.699699
#1522
1133446.868166 4008238.207898 5527166.151455
#16
359241.959695 4159547.016324 5519905.328299
#17
-299380.746219 4161263.116567 5522182.670240
#18
-955292.213735 4125294.173638 5474450.270787
#19
-1602552.407033 4051965.927856 5377140.401943
#20
-2235299.637571 3941942.451168 5231134.316948
#21
-2847803.648447 3796220.133218 5037754.269518
#1586
-3125709.694439 3443222.337250 4354744.520905


#84000000000000
#1132
4344693.741145 640430.915795 5349179.893942
#1197
4072817.381845 1449280.957484 5404811.215983
#1262
3668701.628442 2176393.543325 5450154.172685
#1327
3152606.903758 2806197.143151 5485122.451153
#1392
2544368.156048 3327190.137907 5509649.487282
#1457
1862883.296066 3730786.935585 5523688.592463
#1522
1126137.157371 4010233.420391 5527213.042462
#16
351674.694987 4159781.220915 5520216.128289
#17
-306950.738132 4161063.366544 5521917.593007
#18
-962796.377835 4124662.277970 5473611.716913
#19
-1609922.784447 4050907.609086 5375735.965500
#20
-2242469.481021 3940467.293595 5229176.716730
#21
-2854708.026720 3794341.496098 5035261.233856
#1586
-3125960.084368 3442995.020122 4354744.520905


#85000000000000
#1132
4345479.700062 647810.925469 5347652.586060
#1197
4071860.038131 1456689.359729 5403540.777965
#1262
3666032.065875 2183412.514428 5449143.022881
#1327
3148358.069798 2812426.103605 5484372.514345
#1392
2538767.967672 3332271.021301 5509162.191016
#1457
1856241.382762 3734426.973628 5523464.864336
#1522
1118826.096747 4012223.826075 5527253.308354
#16
344107.008751 4160010.439444 5520520.311551
#17
-314520.362123 4160858.628923 5521645.897007
#18
-970299.387892 4124025.438333 5472766.602171
#19
-1617291.232151 4049844.434753 5374325.085507
#20
-2249636.636567 3938987.412838 5227212.848634
#21
-2861608.983237 3792458.310944 5032762.162750
#1586
-3126210.457766 3442767.684785 4354744.520905


#86000000000000
#1132
4346260.450332 655190.158653 5346118.868290
#1197
4070897.813739 1464096.015934 5402263.863069
#1262
3663358.109070 2190428.868415 5448125.341539
#1327
3144105.462103 2818651.692984 5483616.003771
#1392
2533164.736237 3337347.910516 5508668.291271
#1457
1849597.244501 3738062.535454 5523234.515587
#1522
1111513.695059 4014209.422564 5527286.949082
#16
336538.910055 4160234.671635 5520817.877719
#17
-322089.609118 4160648.903947 5521367.582563
#18
-977801.234914 4123383.655492 5471914.927575
#19
-1624657.741311 4048776.406132 5372907.763656
#20
-2256801.095617 3937502.810668 5225242.715013
#21
-2868506.509728 3790570.580014 5030257.059195
#1586
-3126460.814630 3442540.331242 4354744.520905


#87000000000000
#1132
4347035.991018 662568.606503 5344578.742471
#1197
4069930.709824 1471500.917221 5400980.472826
#1262
3660679.761234 2197442.596875 5447101.129879
#1327
3139849.085770 2824873.903826 5482852.920339
#1392
2527558.468460 3342420.799466 5508167.788640
#1457
1842950.889246 3741693.616704 5522997.546491
#1522
1104199.961070 4016190.207478 5527313.964606
#16
328970.407971 4160453.917220 5521108.826437
#17
-329658.470045 4160434.191868 5521082.650012
#18
-985301.909909 4122736.930216 5471056.694146
#19
-1632022.303098 4047703.524502 5371484.001645
#20
-2263962.849585 3936013.488867 5223266.318230
#21
-2875400.597923 3788678.305571 5027745.926194
#1586
-3126711.154960 3442312.959493 4354744.520905


#88000000000000
#1132
4347806.321191 669946.260175 5343032.210448
#1197
4068958.727544 1478904.054715 5399690.608775
#1262
3657997.025575 2204453.691402 5446070.389129
#1327
3135588.945902 2831092.728673 5482083.264963
#1392
2521949.171061 3347489.682071 5507660.683721
#1457
1836302.324964 3745320.213026 5522753.957333
#1522
1096884.903548 4018166.178443 5527334.354894
#16
321401.511572 4160668.175936 5521393.157357
#17
-337226.935832 4160214.492945 5520791.099692
#18
-992801.403885 4122085.263280 5470191.902913
#19
-1639384.908684 4046625.791150 5370053.801181
#20
-2271121.889886 3934519.449220 5221283.660652
#21
-2882291.239561 3786781.489882 5025228.766756
#1586
-3126961.478755 3442085.569539 4354744.520905


#89000000000000
#1132
4348571.439928 677323.110825 5341479.274076
#1197
4067981.868065 1486305.419541 5398394.272461
#1262
3655309.905311 2211462.143592 5445033.120524
#1327
3131325.047605 2837308.160071 5481307.038566
#1392
2516336.850764 3352554.552256 5507146.977123
#1457
1829651.559624 3748942.320073 5522503.748404
#1522
1089568.531260 4020137.333089 5527348.119921
#16
313832.229929 4160877.447527 5521670.870137
#17
-344794.997407 4159989.807439 5520492.931955
#18
-1000299.707854 4121428.655464 5469320.554912
#19
-1646745.549246 4045543.207367 5368617.163978
#20
-2278278.207939 3933020.693516 5219294.744657
#21
-2889178.426381 3784880.135222 5022705.583900
#1586
-3127211.786013 3441858.161382 4354744.520905


#90000000000000
#1323
4352448.170530 531595.353584 5354796.196206
#1324
4099074.393038 1130223.110094 5460808.167455
#1325
3808578.763086 1718615.391099 5517366.214313
#1326
3483592.054083 2291443.624988 5523958.138349
#1391
2987025.334114 2903186.843233 5527153.589927
#1456
2392470.437214 3421670.260304 5519827.790503
#1457
1822998.601199 3752559.933503 5522246.920004
#1522
1082250.852976 4022103.669055 5527355.259670
#16
306262.572116 4161081.731740 5521941.964445
#17
-352362.645698 4159760.135620 5520188.147158
#18
-1007796.812827 4120767.107557 5468442.651188
#19
-1654104.215959 4044455.774452 5367174.091759
#20
-2285431.795166 3931517.223553 5217299.572628
#21
-2896062.150129 3782974.243868 5020176.380648
#1586
-3127462.076732 3441630.735022 4354744.520905


#91000000000000
#1323
4349754.284276 538517.543316 5356293.263252
#1324
4095939.888032 1137058.272564 5461741.106866
#1325
3805032.025889 1725301.626017 5517726.577244
#1326
3479665.204496 2297920.380776 5523742.661297
#1391
2981693.425665 2908570.461110 5527202.112109
#1456
2386034.800915 3425657.730315 5520140.219555
#1457
1816343.457662 3756173.048981 5521983.472442
#1522
1074931.877468 4024065.183984 5527355.774134
#16
298692.547206 4161281.028332 5522206.439956
#17
-359929.871634 4159525.477764 5519876.745665
#18
-1015292.709820 4120100.620351 5467558.192792
#19
-1661460.900004 4043363.493707 5365724.586253
#20
-2292582.642993 3930009.041133 5215298.146957
#21
-2902942.402553 3781063.818106 5017641.160034
#1586
-3127712.350912 3441403.290461 4354744.520905


#92000000000000
#1323
4347055.184252 545439.087562 5357783.910053
#1324
4092800.473485 1143892.072115 5462667.499637
#1325
3801480.727844 1731985.792927 5518080.326430
#1326
3475734.184058 2304394.382194 5523520.563290
#1391
2976357.943250 2913950.592671 5527244.009190
#1456
2379596.304630 3429641.094211 5520446.031970
#1457
1809686.136991 3759781.662176 5521713.406032
#1522
1067611.613508 4026021.875524 5527349.663311
#16
291122.164272 4161475.337064 5522464.296352
#17
-367496.666145 4159285.834152 5519558.727851
#18
-1022787.389846 4119429.194645 5466667.180786
#19
-1668815.592562 4042266.366442 5364268.649197
#20
-2299730.742849 3928496.148064 5213290.470044
#21
-2909819.175406 3779148.860226 5015099.925095
#1586
-3127962.608551 3441175.827701 4354744.520905


#93000000000000
#1323
4344350.873692 552359.978025 5359268.134823
#1324
4089656.153161 1150724.500556 5463587.344660
#1325
3797924.873208 1738667.883817 5518427.461447
#1326
3471798.997481 2310865.621482 5523291.844593
#1391
2971018.893267 2919327.231467 5527279.281117
#1456
2373154.956076 3433620.347216 5520745.227380
#1457
1803026.647165 3763385.768761 5521436.721099
#1522
1060290.069870 4027973.741331 5527336.927209
#16
283551.432389 4161664.657702 5522715.533324
#17
-375063.020162 4159041.205071 5519234.094096
#18
-1030280.843923 4118752.831243 5465769.616236
#19
-1676168.284818 4041164.393971 5362806.282337
#20
-2306876.086164 3926978.546158 5211276.544293
#21
-2916692.460446 3777229.372522 5012552.678878
#1586
-3128212.849648 3440948.346742 4354744.520905


#94000000000000
#1323
4341641.355837 559280.206409 5360745.935782
#1324
4086506.930829 1157555.549698 5464500.640832
#1325
3794364.466244 1745347.890677 5518767.981879
#1326
3467859.649481 2317334.090884 5523056.505480
#1391
2965676.282114 2924700.371052 5527307.927850
#1456
2366710.762973 3437595.484561 5521037.805427
#1457
1796364.996167 3766985.364418 5521153.417974
#1522
1052967.255331 4029920.779063 5527317.565843
#16
275980.360630 4161848.990020 5522960.150573
#17
-382628.924615 4158791.590814 5518902.844789
#18
-1037773.063068 4118071.530957 5464865.500219
#19
-1683518.967958 4040057.577617 5361337.487425
#20
-2314018.664376 3925456.237235 5209256.372120
#21
-2923562.249434 3775305.357297 5009999.424436
#1586
-3128463.074201 3440720.847585 4354744.520905


#95000000000000
#1323
4338926.633936 566199.764420 5362217.311159
#1324
4083352.810263 1164385.211352 5465407.387057
#1325
3790799.511218 1752025.805501 5519101.887319
#1326
3463916.144780 2323799.782647 5522814.546235
#1391
2960330.116195 2930070.004987 5527329.949354
#1456
2360263.733046 3441566.501480 5521323.765761
#1457
1789701.191982 3770580.444831 5520863.496997
#1522
1045643.178668 4031862.986389 5527291.579236
#16
268408.958072 4162028.333797 5523198.147803
#17
-390194.370435 4158536.991681 5518564.980328
#18
-1045264.038301 4117385.294603 5463954.833819
#19
-1690867.633173 4038945.918705 5359862.266222
#20
-2321158.468921 3923929.223120 5207229.955946
#21
-2930428.534135 3773376.816855 5007440.164830
#1586
-3128713.282209 3440493.330232 4354744.520905


#96000000000000
#1323
4336206.711241 573118.643764 5363682.259191
#1324
4080193.795245 1171213.477333 5466307.582250
#1325
3787230.012405 1758701.620284 5519429.177365
#1326
3459968.488105 2330262.689020 5522565.967146
#1391
2954980.401919 2935436.126835 5527345.345602
#1456
2353813.874022 3445533.393215 5521603.108039
#1457
1783035.242596 3774171.005691 5520566.958516
#1522
1038317.848659 4033800.360979 5527258.967420
#16
260837.233789 4162202.688818 5523429.524731
#17
-397759.348555 4158277.407977 5518220.501117
#18
-1052753.760644 4116694.123004 5463037.618127
#19
-1698214.271653 4037829.418567 5358380.620496
#20
-2328295.491244 3922397.505642 5205197.298200
#21
-2937291.306320 3771443.753508 5004874.903126
#1586
-3128963.473671 3440265.794685 4354744.520905


#97000000000000
#1323
4333481.591015 580036.836147 5365140.778120
#1324
4077029.889560 1178040.339455 5467201.225330
#1325
3783655.974082 1765375.327024 5519749.851627
#1326
3456016.684188 2336722.802257 5522310.768512
#1391
2949627.145697 2940798.730164 5527354.116576
#1456
2347361.193632 3449496.155010 5521875.831925
#1457
1776367.156001 3777757.042695 5520263.802885
#1522
1030991.274085 4035732.900511 5527219.730433
#16
253265.196858 4162372.054874 5523654.281078
#17
-405323.849905 4158012.840012 5517869.407569
#18
-1060242.221118 4115998.016987 5462113.854243
#19
-1705558.874593 4036708.078543 5356892.552024
#20
-2335429.722787 3920861.086639 5203158.401317
#21
-2944150.557762 3769506.169575 5002303.642400
#1586
-3129213.648586 3440038.240943 4354744.520905


#98000000000000
#1323
4330751.276521 586954.333277 5366592.866201
#1324
4073861.097001 1184865.789535 5468088.315228
#1325
3780077.400533 1772046.917722 5520063.909718
#1326
3452060.737766 2343180.114614 5522048.950639
#1391
2944270.353947 2946157.808547 5527356.262266
#1456
2340905.699612 3453454.782116 5522141.937093
#1457
1769696.940189 3781338.551544 5519954.030469
#1522
1023663.463728 4037660.602670 5527173.868323
#16
245692.856353 4162536.431761 5523872.416575
#17
-412887.865420 4157743.288105 5517511.700106
#18
-1067729.410747 4115296.977389 5461183.543274
#19
-1712901.433189 4035581.899976 5355398.062588
#20
-2342561.155002 3919319.967951 5201113.267743
#21
-2951006.280240 3767564.067376 4999726.385734
#1586
-3129463.806952 3439810.669009 4354744.520905


#99000000000000
#1323
4328015.771035 593871.126863 5368038.521690
#1324
4070687.421366 1191689.819393 5468968.850879
#1325
3776494.296048 1778716.384382 5520371.351263
#1326
3448100.653581 2349634.618352 5521780.513840
#1391
2938910.033089 2951513.355559 5527351.782668
#1456
2334447.399698 3457409.269787 5522401.423225
#1457
1763024.603154 3784915.527946 5519637.641638
#1522
1016334.426372 4039583.465144 5527121.381145
#16
238120.221353 4162695.819284 5524083.930961
#17
-420451.386033 4157468.752577 5517147.379156
#18
-1075215.320558 4114591.005047 5460246.686334
#19
-1720241.938639 4034450.884216 5353897.153980
#20
-2349689.779338 3917774.151426 5199061.899929
#21
-2957858.465537 3765617.449239 4997143.136217
#1586
-3129713.948767 3439583.078883 4354744.520905


#100000000000000
#1323
4325275.077834 600787.208614 5369477.742857
#1324
4067508.866460 1198512.420850 5469842.831228
#1325
3772906.664923 1785383.719008 5520672.175894
#1326
3444136.436378 2356086.305733 5521505.458437
#1391
2933546.189548 2956865.364782 5527340.677789
#1456
2327986.301632 3461359.613284 5522654.290008
#1457
1756350.152895 3788487.967612 5519314.636772
#1522
1009004.170800 4041501.485629 5527062.268961
#16
230547.300932 4162850.217250 5524288.823982
#17
-428014.402678 4157189.233759 5516776.445155
#18
-1082699.941578 4113880.100810 5459303.284547
#19
-1727580.382147 4033315.032618 5352389.828000
#20
-2356815.587252 3916223.638917 5197004.300332
#21
-2964707.105438 3763666.317499 4994553.896945
#1586
-3129964.074031 3439355.470567 4354744.520905


#101000000000000
#1323
4322529.200203 607702.570239 5370910.527975
#1324
4064325.436092 1205333.585726 5470710.255228
#1325
3769314.511456 1792048.913609 5520966.383249
#1326
3440168.090911 2362535.169025 5521223.784760
#1391
2928178.829753 2962213.829800 5527322.947642
#1456
2321522.413158 3465305.807871 5522900.537140
#1457
1749673.597412 3792055.866261 5518985.016258
#1522
1001672.705801 4043414.661825 5526996.531842
#16
222974.104170 4162999.625474 5524487.095394
#17
-435576.906289 4156904.731984 5516398.898549
#18
-1090183.264834 4113164.265529 5458353.339044
#19
-1734916.754914 4032174.346545 5350876.086454
#20
-2363938.570203 3914668.432282 5194940.471421
#21
-2971552.191735 3761710.674494 4991958.671022
#1586
-3130214.182743 3439127.844062 4354744.520905


#102000000000000
#1323
4319778.141434 614617.203451 5372336.875328
#1324
4061137.134078 1212153.305846 5471571.121839
#1325
3765717.839953 1798711.960196 5521253.972976
#1326
3436195.621934 2368981.200498 5520935.493147
#1391
2922807.960139 2967558.744202 5527298.592247
#1456
2315055.742024 3469247.848818 5523140.164326
#1457
1742994.944708 3795619.219616 5518648.780490
#1522
994340.040160 4045322.991440 5526924.169867
#16
215400.640143 4163144.043779 5524678.744957
#17
-443138.887802 4156615.247595 5516014.739790
#18
-1097665.281358 4112443.500062 5457396.850963
#19
-1742251.048148 4031028.827364 5349355.931156
#20
-2371058.719652 3913108.533385 5192870.415667
#21
-2978393.716223 3759750.522568 4989357.461559
#1586
-3130464.274900 3438900.199369 4354744.520905


#103000000000000
#1323
4317021.904824 621531.099960 5373756.783206
#1324
4057943.964240 1218971.573036 5472425.430028
#1325
3762116.654727 1805372.850783 5521534.944731
#1326
3432219.034211 2375424.392425 5520640.583942
#1391
2917433.587142 2972900.101583 5527267.611634
#1456
2308586.295982 3473185.731401 5523373.171278
#1457
1736314.202787 3799178.023406 5518305.929873
#1522
987006.182668 4047226.472186 5526845.183123
#16
207826.917929 4163283.471990 5524863.772442
#17
-450700.338154 4156320.780938 5515623.969337
#18
-1105145.982181 4111717.805272 5456433.821451
#19
-1749583.253058 4029878.476447 5347829.363928
#20
-2378176.027066 3911543.944096 5190794.135553
#21
-2985231.670702 3757785.864070 4986750.271673
#1586
-3130714.350502 3438672.536490 4354744.520905


#104000000000000
#1323
4314260.493678 628444.251480 5375170.249906
#1324
4054745.930405 1225788.379123 5473273.178773
#1325
3758510.960093 1812031.577385 5521809.298176
#1326
3428238.332507 2381864.737084 5520339.057501
#1391
2912055.717205 2978237.895539 5527230.005841
#1456
2302114.082785 3477119.450899 5523599.557718
#1457
1729631.379658 3802732.273365 5517956.464817
#1522
979671.142115 4049125.101781 5526759.571705
#16
200252.946606 4163417.909940 5525042.177628
#17
-458261.248279 4156021.332366 5515226.587661
#18
-1112625.358337 4110987.182031 5455464.251662
#19
-1756913.360855 4028723.295173 5346296.386601
#20
-2385290.483912 3909974.666291 5188711.633568
#21
-2992066.046976 3755816.701356 4984137.104490
#1586
-3130964.409547 3438444.855425 4354744.520905


#105000000000000
#1323
4311493.911304 635356.649724 5376577.273735
#1324
4051543.036406 1232603.715936 5474114.367056
#1325
3754900.760373 1818688.132022 5522077.032982
#1326
3424253.521594 2388302.226754 5520030.914183
#1391
2906674.356774 2983572.119672 5527185.774912
#1456
2295639.110193 3481049.002597 5523819.323373
#1457
1722946.483331 3806281.965233 5517600.385740
#1522
972334.927293 4051018.877950 5526667.335715
#16
192678.735253 4163547.357469 5525213.960300
#17
-465821.609116 4155716.902239 5514822.595236
#18
-1120103.400859 4110251.631213 5454488.142758
#19
-1764241.362752 4027563.284927 5344757.001011
#20
-2392402.081664 3908400.701850 5186622.912207
#21
-2998896.836852 3753843.036785 4981517.963141
#1586
-3131214.452033 3438217.156176 4354744.520905


#106000000000000
#1323
4308722.161019 642268.286407 5377977.853005
#1324
4048335.286083 1239417.575306 5474948.993870
#1325
3751286.059895 1825342.506713 5522338.148830
#1326
3420264.606248 2394736.853719 5519716.154359
#1391
2901289.512299 2988902.767589 5527134.918900
#1456
2289161.385964 3484974.381785 5524032.467981
#1457
1716259.521818 3809827.094755 5517237.693071
#1522
964997.546995 4052907.798423 5526568.475263
#16
185104.292948 4163671.814420 5525379.120253
#17
-473381.411603 4155407.490920 5514411.992548
#18
-1127580.100786 4109511.153701 5453505.495910
#19
-1771567.249967 4026398.447100 5343211.209005
#20
-2399510.811797 3906822.052660 5184527.973974
#21
-3005724.032143 3751864.872724 4978892.850767
#1586
-3131464.477961 3437989.438744 4354744.520905


#107000000000000
#1323
4305945.246146 649179.153244 5379371.986039
#1324
4045122.683280 1246229.949065 5475777.058215
#1325
3747666.862991 1831994.693484 5522592.645405
#1326
3416271.591250 2401168.610267 5519394.778405
#1391
2895901.190234 2994229.832900 5527077.437866
#1456
2282680.917866 3488895.583759 5524238.991286
#1457
1709570.503136 3813367.657682 5516868.387242
#1522
957659.010017 4054791.860936 5526462.990469
#16
177529.628771 4163791.280646 5525537.657290
#17
-480940.646678 4155093.098781 5513994.780088
#18
-1135055.449155 4108765.750381 5452516.312295
#19
-1778891.013717 4025228.783088 5341659.012434
#20
-2406616.665791 3905238.720613 5182426.821381
#21
-3012547.624665 3749882.211543 4976261.770514
#1586
-3131714.487328 3437761.703130 4354744.520905


#108000000000000
#1323
4303163.170013 656089.241952 5380759.671166
#1324
4041905.231848 1253040.829049 5476598.559096
#1325
3744043.173999 1838644.684361 5522840.522404
#1326
3412274.481387 2407597.488689 5519066.786707
#1391
2890509.397039 2999553.309220 5527013.331880
#1456
2276197.713664 3492812.603817 5524438.893040
#1457
1702879.435301 3816903.649770 5516492.468698
#1522
950319.325155 4056671.063229 5526350.881458
#16
169954.751800 4163905.756002 5525689.571218
#17
-488499.305280 4154773.726199 5513570.958356
#18
-1142529.437006 4108015.422148 5451520.593098
#19
-1786212.645225 4024054.294292 5340100.413160
#20
-2413719.635128 3903650.707607 5180319.456945
#21
-3019367.606240 3747895.055619 4973624.725535
#1586
-3131964.480132 3437533.949336 4354744.520905


#109000000000000
#1323
4300375.935954 662998.544248 5382140.906721
#1324
4038682.935644 1259850.207094 5477413.495531
#1325
3740414.997263 1845292.471372 5523081.779528
#1326
3408273.281450 2414023.481278 5518732.179658
#1391
2885114.139175 3004873.190169 5526942.601017
#1456
2269711.781130 3496725.437265 5524632.173004
#1457
1696186.326334 3820435.066781 5516109.937888
#1522
942978.501206 4058545.403052 5526232.148365
#16
162379.671116 4164015.240352 5525834.861858
#17
-496057.378350 4154449.373556 5513140.527861
#18
-1150002.055380 4107260.169900 5450518.339514
#19
-1793532.135715 4022874.982121 5338535.413050
#20
-2420819.711294 3902058.015546 5178205.883192
#21
-3026183.968693 3745903.407333 4970981.718992
#1586
-3132214.456374 3437306.177362 4354744.520905


#110000000000000
#1323
4297583.547310 669907.051850 5383515.691049
#1324
4035455.798530 1266658.075037 5478221.866542
#1325
3736782.337132 1851938.046549 5523316.416488
#1326
3404267.996234 2420446.580332 5518390.957659
#1391
2879715.423111 3010189.469368 5526865.245363
#1456
2263223.128038 3500634.079412 5524818.830946
#1457
1689491.184257 3823961.904481 5515720.795272
#1522
935636.546969 4060414.878157 5526106.791333
#16
154804.395797 4164119.733564 5525973.529034
#17
-503614.856827 4154120.041241 5512703.489119
#18
-1157473.295321 4106499.994543 5449509.552743
#19
-1800849.476413 4021690.847987 5336964.013980
#20
-2427916.885778 3900460.646338 5176086.102657
#21
-3032996.703854 3743907.269074 4968332.754052
#1586
-3132464.416050 3437078.387210 4354744.520905


#111000000000000
#1323
4294786.007430 676814.756477 5384884.022502
#1324
4032223.824374 1273464.424718 5479023.671160
#1325
3733145.197959 1858581.401927 5523544.433003
#1326
3400258.630540 2426866.778152 5518043.121120
#1391
2874313.255316 3015502.140447 5526781.265011
#1456
2256731.762166 3504538.525574 5524998.866642
#1457
1682794.017095 3827484.158644 5515325.041315
#1522
928293.471244 4062279.486303 5525974.810511
#16
147228.934924 4164219.235513 5526105.572580
#17
-511171.731653 4153785.729650 5512259.842652
#18
-1164943.147872 4105734.896989 5448494.233995
#19
-1808164.658548 4020501.893312 5335386.217834
#20
-2435011.150075 3898858.601899 5173960.117880
#21
-3039805.803556 3741906.643234 4965677.833890
#1586
-3132714.359161 3436850.578881 4354744.520905


#112000000000000
#1323
4291983.319664 683721.649850 5386245.899441
#1324
4028987.017050 1280269.247979 5479818.908424
#1325
3729503.584106 1865222.529543 5523765.828801
#1326
3396245.189175 2433284.067043 5517688.670456
#1391
2868907.642267 3020811.197037 5526690.660060
#1456
2250237.691294 3508438.771071 5525172.279877
#1457
1676094.832877 3831001.825048 5514922.676492
#1522
920949.282834 4064139.225256 5525836.206058
#16
139653.297578 4164313.746080 5526230.992339
#17
-518727.993771 4153446.439182 5511809.588994
#18
-1172411.604081 4104964.878153 5447472.384487
#19
-1815477.673353 4019308.119518 5333802.026504
#20
-2442102.495680 3897251.884148 5171827.931409
#21
-3046611.259638 3739901.532210 4963016.961690
#1586
-3132964.285704 3436622.752376 4354744.520905


#113000000000000
#1323
4289175.487374 690627.723690 5387601.320233
#1324
4025745.380439 1287072.536663 5480607.577381
#1325
3725857.499935 1871861.421437 5523980.603615
#1326
3392227.676949 2439698.439313 5517327.606093
#1391
2863498.590442 3026116.632774 5526593.430621
#1456
2243740.923207 3512334.811228 5525339.070443
#1457
1669393.639631 3834514.899475 5514513.701285
#1522
913603.990541 4065994.092786 5525690.978140
#16
132077.492838 4164403.265152 5526349.788159
#17
-526283.634123 4153102.170244 5511352.728683
#18
-1179878.654996 4104189.938960 5446444.005443
#19
-1822788.512060 4018109.528038 5332211.441887
#20
-2449190.914094 3895640.495011 5169689.545799
#21
-3053413.063943 3737891.938407 4960350.140639
#1586
-3133214.195678 3436394.907697 4354744.520905


#114000000000000
#1323
4286362.513925 697532.969719 5388950.283253
#1324
4022498.918424 1293874.282617 5481389.677085
#1325
3722206.949819 1878498.069650 5524188.757188
#1326
3388206.098678 2446109.887272 5516959.928463
#1391
2858086.106326 3031418.441300 5526489.576809
#1456
2237241.465692 3516226.641374 5525499.238139
#1457
1662690.445390 3838023.377716 5514098.116185
#1522
906257.603170 4067844.086669 5525539.126931
#16
124501.529785 4164487.792620 5526461.959898
#17
-533838.643652 4152752.923250 5510889.262268
#18
-1187344.291666 4103410.080337 5445409.098097
#19
-1830097.165909 4016906.120308 5330614.465891
#20
-2456276.396820 3894024.436421 5167544.963615
#21
-3060211.208318 3735877.864232 4957677.373935
#1586
-3133464.089083 3436167.044844 4354744.520905


#115000000000000
#1323
4283544.402688 704437.379659 5390292.786884
#1324
4019247.634899 1300674.477686 5482165.206600
#1325
3718551.938132 1885132.466228 5524390.289271
#1326
3384180.459181 2452518.403237 5516585.638008
#1391
2852670.196405 3036716.616259 5526379.098748
#1456
2230739.326539 3520114.256846 5525652.782775
#1521
1532818.312550 3891273.908217 5514408.072671
#1522
898910.129525 4069689.204690 5525380.652613
#16
116925.417500 4164567.328385 5526567.507422
#17
-541393.013304 4152398.698617 5510419.190304
#18
-1194808.505142 4102625.303221 5444367.663688
#19
-1837403.626137 4015697.897771 5329011.100429
#20
-2463358.935365 3892403.710313 5165394.187427
#21
-3067005.684613 3733859.312100 4954998.664782
#1586
-3133713.965916 3435939.163819 4354744.520905


#116000000000000
#1323
4280721.157042 711340.945236 5391628.829517
#1324
4015991.533759 1307473.113720 5482934.164995
#1325
3714892.469256 1891764.603220 5524585.199621
#1326
3380150.763285 2458923.979525 5516204.735176
#1391
2847250.867171 3042011.151301 5526261.996572
#1456
2224234.513542 3523997.652982 5525799.704165
#1521
1525596.202986 3893529.441643 5514818.737955
#1522
891561.578415 4071529.444635 5525215.555376
#16
109349.165064 4164641.872349 5526666.430605
#17
-548946.734022 4152039.496771 5509942.513353
#18
-1202271.286478 4101835.608551 5443319.703465
#19
-1844707.883988 4014484.861874 5327401.347424
#20
-2470438.521240 3890778.318631 5163237.219812
#21
-3073796.484686 3731836.284431 4952314.016390
#1586
-3133963.826177 3435711.264624 4354744.520905


#117000000000000
#1323
4277892.780370 718243.658174 5392958.409551
#1324
4012730.618909 1314270.182570 5483696.551349
#1325
3711228.547576 1898394.472674 5524773.488006
#1326
3376117.015818 2465326.608459 5515817.220424
#1391
2841828.125121 3047302.040079 5526138.270420
#1456
2217727.034498 3527876.825128 5525940.002133
#1521
1518372.264787 3895780.308145 5515222.792979
#1522
884211.958648 4073364.804299 5525043.835418
#16
101772.781558 4164711.424425 5526758.729327
#17
-556499.796753 4151675.318142 5509459.231989
#18
-1209732.626729 4101040.997274 5442265.218685
#19
-1852009.930705 4013267.014073 5325785.208805
#20
-2477515.145958 3889148.263322 5161074.063356
#21
-3080583.600397 3729808.783650 4949623.431977
#1586
-3134213.669863 3435483.347258 4354744.520905


#118000000000000
#1323
4275059.276062 725145.510199 5394281.525392
#1324
4009464.894255 1321065.676089 5484452.364748
#1325
3707560.177485 1905022.066645 5524955.154200
#1326
3372079.221618 2471726.282364 5515423.094215
#1391
2836401.976753 3052589.276252 5526007.920441
#1456
2211216.897207 3531751.768635 5526073.676513
#1521
1511146.506613 3898026.505026 5515620.237259
#1522
876861.279032 4075195.281482 5524865.492944
#16
94196.276064 4164775.984529 5526844.403479
#17
-564052.192444 4151306.163165 5508969.346789
#18
-1217192.516951 4100241.470342 5441204.210611
#19
-1859309.757538 4012044.355825 5324162.686509
#20
-2484588.801039 3887513.546342 5158904.720652
#21
-3087367.023610 3727776.812186 4946926.914768
#1586
-3134463.496975 3435255.411724 4354744.520905


#119000000000000
#1323
4272220.647516 732046.493040 5395598.175454
#1324
4006194.363714 1327859.586132 5485201.604286
#1325
3703887.363380 1911647.377188 5525130.197985
#1326
3368037.385522 2478122.993570 5515022.357023
#1391
2830972.428573 3057872.853483 5525870.946791
#1456
2204704.109472 3535622.478858 5526200.727142
#1521
1503918.937125 3900268.029593 5516011.070320
#1522
869509.548379 4077020.873990 5524680.528169
#16
86619.657663 4164835.552584 5526923.452957
#17
-571603.912041 4150932.032285 5508472.858342
#18
-1224650.948202 4099437.028714 5440136.680514
#19
-1866607.355735 4010816.888598 5322533.782481
#20
-2491659.478002 3885874.169648 5156729.194300
#21
-3094146.746194 3725740.372475 4944224.467995
#1586
-3134713.307509 3435027.458023 4354744.520905


