6921000.000000, 0.000000, 0.000000 
6889661.176128, 395923.798076, 525408.625993 
6795928.513755, 788262.048926, 1046059.070107 
6640650.870386, 1173461.676595, 1557236.241296 
6425234.464404, 1548034.253606, 2054310.839940 
6151630.140141, 1908587.592698, 2532781.281499 
5822315.700725, 2251856.466998, 2988314.463562 
5440273.468715, 2574732.180424, 3416785.007091 
5008963.277725, 2874290.720517, 3814312.616494 
4532291.139635, 3147819.238751, 4177297.220181 
4014573.871142, 3392840.618506, 4502451.573372 
3460500.000000, 3607135.908226, 4786831.027892 
2875087.304986, 3788764.416582, 5027860.199364 
2263637.374120, 3936081.287676, 5223356.290288 
1631687.592661, 4047752.397113, 5371548.857790 
984960.995689, 4122766.434031, 5471095.847031 
329314.439416, 4160444.059696, 5521095.745061 
-329314.439416, 4160444.059696, 5521095.745061 
-984960.995689, 4122766.434031, 5471095.847031 
-1631687.592661, 4047752.397113, 5371548.857790 
-2263637.374120, 3936081.287676, 5223356.290288 
-2875087.304986, 3788764.416582, 5027860.199364 
-3460500.000000, 3607135.908226, 4786831.027892 
-4014573.871142, 3392840.618506, 4502451.573372 
-4532291.139635, 3147819.238751, 4177297.220181 
-5008963.277725, 2874290.720517, 3814312.616494 
-5440273.468715, 2574732.180424, 3416785.007091 
-5822315.700725, 2251856.466998, 2988314.463562 
-6151630.140141, 1908587.592698, 2532781.281499 
-6425234.464404, 1548034.253606, 2054310.839940 
-6640650.870386, 1173461.676595, 1557236.241296 
-6795928.513755, 788262.048926, 1046059.070107 
-6889661.176128, 395923.798076, 525408.625993 
-6921000.000000, 0.000000, 0.000000 
-6889661.176128, -395923.798076, -525408.625993 
-6795928.513755, -788262.048926, -1046059.070107 
-6640650.870386, -1173461.676595, -1557236.241296 
-6425234.464404, -1548034.253606, -2054310.839940 
-6151630.140141, -1908587.592698, -2532781.281499 
-5822315.700725, -2251856.466998, -2988314.463562 
-5440273.468715, -2574732.180424, -3416785.007091 
-5008963.277725, -2874290.720517, -3814312.616494 
-4532291.139635, -3147819.238751, -4177297.220181 
-4014573.871142, -3392840.618506, -4502451.573372 
-3460500.000000, -3607135.908226, -4786831.027892 
-2875087.304986, -3788764.416582, -5027860.199364 
-2263637.374120, -3936081.287676, -5223356.290288 
-1631687.592661, -4047752.397113, -5371548.857790 
-984960.995689, -4122766.434031, -5471095.847031 
-329314.439416, -4160444.059696, -5521095.745061 
329314.439416, -4160444.059696, -5521095.745061 
984960.995689, -4122766.434031, -5471095.847031 
1631687.592661, -4047752.397113, -5371548.857790 
2263637.374120, -3936081.287676, -5223356.290288 
2875087.304986, -3788764.416582, -5027860.199364 
3460500.000000, -3607135.908226, -4786831.027892 
4014573.871142, -3392840.618506, -4502451.573372 
4532291.139635, -3147819.238751, -4177297.220181 
5008963.277725, -2874290.720517, -3814312.616494 
5440273.468715, -2574732.180424, -3416785.007091 
5822315.700725, -2251856.466998, -2988314.463562 
6151630.140141, -1908587.592698, -2532781.281499 
6425234.464404, -1548034.253606, -2054310.839940 
6640650.870386, -1173461.676595, -1557236.241296 
6795928.513755, -788262.048926, -1046059.070107 
6889661.176128, -395923.798076, -525408.625993 
6620721.013526, 1996278.046250, 284900.374016 
6455651.200347, 2360386.933697, 808320.544521 
6232118.010215, 2703119.791558, 1324420.439002 
5952145.794315, 3021372.777998, 1828526.176897 
5618270.024389, 3312263.744689, 2316072.498579 
5233514.331112, 3573158.337992, 2782644.109061 
4801363.121622, 3801693.856068, 3224015.663588 
4325730.024193, 3995800.645877, 3636190.033015 
3810922.445810, 4153720.846272, 4015434.502425 
3261602.563621, 4274024.307463, 4358314.575176 
2682745.103545, 4355621.542678, 4661725.076232 
2079592.288377, 4397773.594716, 4922918.273112 
1457606.363414, 4400098.728069, 5139528.759777 
822420.129507, 4362575.885969, 5309594.878119 
179785.931552, 4285544.881084, 5431576.483033 
-464476.435639, 4169703.318122, 5504368.890216 
-1104532.432303, 4016100.276217, 5527312.880357 
-1734585.612220, 3826126.808302, 5500200.669128 
-2348930.116224, 3601503.343521, 5423277.788912 
-2942002.345355, 3344264.106754, 5297240.865224 
-3508431.345667, 3056738.696364, 5123231.307963 
-4043087.448418, 2741530.986993, 4902824.974625 
-4541128.725149, 2401495.548466, 4638017.899095 
-4998044.836933, 2039711.794372, 4331208.215257 
-5409697.880708, 1659456.094411, 3985174.439116 
-5772359.862763, 1264172.103086, 3603050.306136 
-6082746.460028, 857439.573433, 3188296.391637 
-6338046.763415, 442941.938226, 2744668.771296 
-6535948.733841, 24432.952234, 2276185.005539 
-6674660.140418, -394297.302356, 1787087.755896 
-6752924.791166, -809456.739518, 1281806.362799 
-6770033.909288, -1217285.611099, 764916.732787 
-6725832.551963, -1614090.555685, 241099.898393 
-6620721.013526, -1996278.046250, -284900.374016 
-6455651.200347, -2360386.933697, -808320.544521 
-6232118.010215, -2703119.791558, -1324420.439002 
-5952145.794315, -3021372.777998, -1828526.176897 
-5618270.024389, -3312263.744689, -2316072.498579 
-5233514.331112, -3573158.337992, -2782644.109061 
-4801363.121622, -3801693.856068, -3224015.663588 
-4325730.024193, -3995800.645877, -3636190.033015 
-3810922.445810, -4153720.846272, -4015434.502425 
-3261602.563621, -4274024.307463, -4358314.575176 
-2682745.103545, -4355621.542678, -4661725.076232 
-2079592.288377, -4397773.594716, -4922918.273112 
-1457606.363414, -4400098.728069, -5139528.759777 
-822420.129507, -4362575.885969, -5309594.878119 
-179785.931552, -4285544.881084, -5431576.483033 
464476.435639, -4169703.318122, -5504368.890216 
1104532.432303, -4016100.276217, -5527312.880357 
1734585.612220, -3826126.808302, -5500200.669128 
2348930.116224, -3601503.343521, -5423277.788912 
2942002.345355, -3344264.106754, -5297240.865224 
3508431.345667, -3056738.696364, -5123231.307963 
4043087.448418, -2741530.986993, -4902824.974625 
4541128.725149, -2401495.548466, -4638017.899095 
4998044.836933, -2039711.794372, -4331208.215257 
5409697.880708, -1659456.094411, -3985174.439116 
5772359.862763, -1264172.103086, -3603050.306136 
6082746.460028, -857439.573433, -3188296.391637 
6338046.763415, -442941.938226, -2744668.771296 
6535948.733841, -24432.952234, -2276185.005539 
6674660.140418, 394297.302356, -1787087.755896 
6752924.791166, 809456.739518, -1281806.362799 
6770033.909288, 1217285.611099, -764916.732787 
6725832.551963, 1614090.555685, -241099.898393 
5747511.480683, 3813468.560575, 569043.334836 
5465920.999368, 4103394.411899, 1089083.527128 
5134830.291064, 4356159.288002, 1599260.810349 
4757237.764496, 4569474.111026, 2094954.940020 
4336562.956057, 4741407.068899, 2571676.833343 
3876615.561954, 4870401.110131, 3025109.223029 
3381560.937013, 4955288.044710, 3451145.755141 
2855882.372578, 4995299.123410, 3845928.176872 
2304340.495134, 4990071.999708, 4205881.277476 
1731930.153329, 4939654.011244, 4527745.265934 
1143835.183860, 4844501.751130, 4808605.292126 
545381.465839, 4705476.932969, 5045917.844161 
-58011.311191, 4523838.587041, 5237533.782819 
-660878.728804, 4301231.658335, 5381717.804488 
-1257761.126310, 4039672.109670, 5477164.156341 
-1843253.044286, 3741528.664820, 5523008.461433 
-2412052.177258, 3409501.356992, 5518835.546640 
-2959007.392198, 3046597.076900, 5464683.202523 
-3479165.377981, 2656102.341903, 5361041.841098 
-3967815.503338, 2241553.532790, 5208850.054581 
-4420532.477065, 1806704.867771, 5009486.115360 
-4833216.424144, 1355494.403694, 4764755.494140 
-5202130.014844, 892008.372394, 4476874.509324 
-5523932.310560, 420444.175142, 4148450.255691 
-5795709.019869, -54927.629667, 3782456.994139 
-6014998.890806, -529802.001356, 3382209.216320 
-6179816.000343, -999878.404079, 2951331.628090 
-6288667.739212, -1460899.753139, 2493726.323611 
-6340568.329211, -1908690.967809, 2013537.447382 
-6335047.750559, -2339196.781507, 1515113.664226 
-6272155.998472, -2748518.466918, 1002968.777105 
-6152462.630395, -3132949.143473, 481740.849426 
-5977051.608005, -3489007.347436, -43849.797986 
-5747511.480683, -3813468.560575, -569043.334836 
-5465920.999368, -4103394.411899, -1089083.527128 
-5134830.291064, -4356159.288002, -1599260.810349 
-4757237.764496, -4569474.111026, -2094954.940020 
-4336562.956057, -4741407.068899, -2571676.833343 
-3876615.561954, -4870401.110131, -3025109.223029 
-3381560.937013, -4955288.044710, -3451145.755141 
-2855882.372578, -4995299.123410, -3845928.176872 
-2304340.495134, -4990071.999708, -4205881.277476 
-1731930.153329, -4939654.011244, -4527745.265934 
-1143835.183860, -4844501.751130, -4808605.292126 
-545381.465839, -4705476.932969, -5045917.844161 
58011.311191, -4523838.587041, -5237533.782819 
660878.728804, -4301231.658335, -5381717.804488 
1257761.126310, -4039672.109670, -5477164.156341 
1843253.044286, -3741528.664820, -5523008.461433 
2412052.177258, -3409501.356992, -5518835.546640 
2959007.392198, -3046597.076900, -5464683.202523 
3479165.377981, -2656102.341903, -5361041.841098 
3967815.503338, -2241553.532790, -5208850.054581 
4420532.477065, -1806704.867771, -5009486.115360 
4833216.424144, -1355494.403694, -4764755.494140 
5202130.014844, -892008.372394, -4476874.509324 
5523932.310560, -420444.175142, -4148450.255691 
5795709.019869, 54927.629667, -3782456.994139 
6014998.890806, 529802.001356, -3382209.216320 
6179816.000343, 999878.404079, -2951331.628090 
6288667.739212, 1460899.753139, -2493726.323611 
6340568.329211, 1908690.967809, -2013537.447382 
6335047.750559, 2339196.781507, -1515113.664226 
6272155.998472, 2748518.466918, -1002968.777105 
6152462.630395, 3132949.143473, -481740.849426 
5977051.608005, 3489007.347436, 43849.797986 
4381634.135356, 5289250.947201, 851673.482860 
4013498.126287, 5470239.329005, 1366951.159953 
3609015.256680, 5601688.376357, 1869849.515664 
3171848.586040, 5682407.666331, 2355814.224608 
2705957.163431, 5711666.192535, 2820444.315127 
2215560.173722, 5689198.985226, 3259532.025171 
1705098.727992, 5615209.510913, 3669100.908445 
1179195.644140, 5490367.829733, 4045441.845717 
642613.581932, 5315804.527281, 4385146.635182 
100211.911614, 5093100.475858, 4685138.857663 
-443097.293293, 4824272.517840, 4942701.737136 
-982393.740496, 4511755.200843, 5155502.744282 
-1512793.477859, 4158378.730085, 5321614.720226 
-2029493.123223, 3767343.337606, 5439533.329192 
-2527813.364590, 3342190.300474, 5508190.681995 
-3003241.336685, 2886769.870430, 5526965.007019 
-3451471.490171, 2405206.405412, 5495686.281066 
-3868444.583369, 1901861.018731, 5414637.769125 
-4250384.443377, 1381292.084154, 5284553.459069 
-4593832.163677, 848213.954565, 5106611.414554 
-4895677.428530, 307454.268054, 4882423.106291 
-5153186.680476, -236089.771919, 4614018.818315 
-5364027.875853, -777495.746359, 4303829.261422 
-5526291.604146, -1311860.598920, 3954663.560273 
-5638508.379904, -1834345.038752, 3569683.813527 
-5699661.950629, -2340217.365857, 3152376.457387 
-5709198.500115, -2824896.322105, 2706520.691892 
-5667031.663893, -3283992.579815, 2236154.255895 
-5573543.311361, -3713348.492182, 1745536.860680 
-5429580.087516, -4109075.745579, 1239111.613352 
-5236445.745608, -4467590.572717, 721464.779372 
-4995889.340144, -4785646.207805, 197284.248628 
-4710089.387183, -5060362.289759, -328682.918822 
-4381634.135356, -5289250.947201, -851673.482860 
-4013498.126287, -5470239.329005, -1366951.159953 
-3609015.256680, -5601688.376357, -1869849.515664 
-3171848.586040, -5682407.666331, -2355814.224608 
-2705957.163431, -5711666.192535, -2820444.315127 
-2215560.173722, -5689198.985226, -3259532.025171 
-1705098.727992, -5615209.510913, -3669100.908445 
-1179195.644140, -5490367.829733, -4045441.845717 
-642613.581932, -5315804.527281, -4385146.635182 
-100211.911614, -5093100.475858, -4685138.857663 
443097.293293, -4824272.517840, -4942701.737136 
982393.740496, -4511755.200843, -5155502.744282 
1512793.477859, -4158378.730085, -5321614.720226 
2029493.123223, -3767343.337606, -5439533.329192 
2527813.364590, -3342190.300474, -5508190.681995 
3003241.336685, -2886769.870430, -5526965.007019 
3451471.490171, -2405206.405412, -5495686.281066 
3868444.583369, -1901861.018731, -5414637.769125 
4250384.443377, -1381292.084154, -5284553.459069 
4593832.163677, -848213.954565, -5106611.414554 
4895677.428530, -307454.268054, -4882423.106291 
5153186.680476, 236089.771919, -4614018.818315 
5364027.875853, 777495.746359, -4303829.261422 
5526291.604146, 1311860.598920, -3954663.560273 
5638508.379904, 1834345.038752, -3569683.813527 
5699661.950629, 2340217.365857, -3152376.457387 
5709198.500115, 2824896.322105, -2706520.691892 
5667031.663893, 3283992.579815, -2236154.255895 
5573543.311361, 3713348.492182, -1745536.860680 
5429580.087516, 4109075.745579, -1239111.613352 
5236445.745608, 4467590.572717, -721464.779372 
4995889.340144, 4785646.207805, -197284.248628 
4710089.387183, 5060362.289759, 328682.918822 
2648380.378504, 6293235.183615, 1132039.440332 
2233407.058787, 6341817.295013, 1641184.726480 
1798207.658893, 6332966.926934, 2135467.189601 
1346723.411981, 6266764.229679, 2610410.531168 
883043.029306, 6143808.745129, 3061713.590732 
411365.672214, 5965213.977190, 3485289.297901 
-64037.076107, 5732597.307737, 3877301.685477 
-538859.894751, 5448065.349351, 4234200.628575 
-1008802.714743, 5114194.867508, 4552753.995098 
-1469609.661133, 4734009.444991, 4830076.916431 
-1917107.594858, 4310952.099862, 5063657.913252 
-2347243.905332, 3848854.104948, 5251381.639884 
-2756123.211519, 3351900.291250, 5391548.041188 
-3140042.639107, 2824591.149461, 5482887.748530 
-3495525.354308, 2271702.072822, 5524573.575374 
-3819352.050604, 1698240.110431, 5516228.008419 
-4108590.103289, 1109398.622621, 5457926.626411 
-4360620.127767, 510510.249089, 5350197.415693 
-4573159.701110, -93001.384313, 5194015.988680 
-4744284.032028, -695670.782777, 4990796.748560 
-4872443.392082, -1292040.078904, 4742380.080241 
-4956477.150260, -1876708.460000, 4451015.683540 
-4995624.283836, -2444381.078667, 4119342.199551 
-4989530.270306, -2989917.003763, 3750363.314708 
-4938250.298001, -3508375.777473, 3347420.558929 
-4842248.766289, -3995062.156857, 2914163.044207 
-4702395.079910, -4445568.634698, 2454514.417687 
-4519955.775502, -4855815.354569, 1972637.328510 
-4296583.051660, -5222087.058648, 1472895.730215 
-4034299.806359, -5541066.733664, 959815.360104 
-3735481.317285, -5809865.650284, 438042.753461 
-3402833.730948, -6026049.523896, -87696.836190 
-3039369.555402, -6187660.559862, -612642.229712 
-2648380.378504, -6293235.183615, -1132039.440332 
-2233407.058787, -6341817.295013, -1641184.726480 
-1798207.658893, -6332966.926934, -2135467.189601 
-1346723.411981, -6266764.229679, -2610410.531168 
-883043.029306, -6143808.745129, -3061713.590732 
-411365.672214, -5965213.977190, -3485289.297901 
64037.076107, -5732597.307737, -3877301.685477 
538859.894751, -5448065.349351, -4234200.628575 
1008802.714743, -5114194.867508, -4552753.995098 
1469609.661133, -4734009.444991, -4830076.916431 
1917107.594858, -4310952.099862, -5063657.913252 
2347243.905332, -3848854.104948, -5251381.639884 
2756123.211519, -3351900.291250, -5391548.041188 
3140042.639107, -2824591.149461, -5482887.748530 
3495525.354308, -2271702.072822, -5524573.575374 
3819352.050604, -1698240.110431, -5516228.008419 
4108590.103289, -1109398.622621, -5457926.626411 
4360620.127767, -510510.249089, -5350197.415693 
4573159.701110, 93001.384313, -5194015.988680 
4744284.032028, 695670.782777, -4990796.748560 
4872443.392082, 1292040.078904, -4742380.080241 
4956477.150260, 1876708.460000, -4451015.683540 
4995624.283836, 2444381.078667, -4119342.199551 
4989530.270306, 2989917.003763, -3750363.314708 
4938250.298001, 3508375.777473, -3347420.558929 
4842248.766289, 3995062.156857, -2914163.044207 
4702395.079910, 4445568.634698, -2454514.417687 
4519955.775502, 4855815.354569, -1972637.328510 
4296583.051660, 5222087.058648, -1472895.730215 
4034299.806359, 5541066.733664, -959815.360104 
3735481.317285, 5809865.650284, -438042.753461 
3402833.730948, 6026049.523896, 87696.836190 
3039369.555402, 6187660.559862, 612642.229712 
706208.129895, 6739073.706260, 1409395.848890 
289801.663553, 6645609.387224, 1911055.171427 
-129229.291531, 6491961.400480, 2395407.682397 
-547089.926139, 6279521.205988, 2858067.010457 
-959996.029656, 6010212.695047, 3294843.241087 
-1364208.260471, 5686474.767235, 3701780.861108 
-1756066.010025, 5311239.243358, 4075194.580415 
-2132020.553859, 4887904.314428, 4411702.706543 
-2488667.189406, 4420303.767116, 4708257.769791 
-2822776.069506, 3912672.264387, 4962174.121584 
-3131321.452403, 3369606.995740, 5171152.256120 
-3411509.103330, 2796026.044343, 5333299.635052 
-3660801.599532, 2197123.848114, 5447147.826608 
-3876941.309559, 1578324.158082, 5511665.803933 
-4057970.838728, 945230.920066, 5526269.282236 
-4202250.755588, 303577.524464, 5490826.010155 
-4308474.438872, -340825.116209, 5405656.967451 
-4375679.910453, -982141.191851, 5271533.458162 
-4403258.547175, -1614562.844772, 5089670.125559 
-4390960.592632, -2232362.766549, 4861713.952145 
-4338897.419005, -2829946.065423, 4589729.344324 
-4247540.518456, -3401900.934500, 4276179.436825 
-4117717.233225, -3943047.661916, 3923903.786162 
-3950603.263085, -4448485.539111, 3536092.655181 
-3747712.018028, -4913637.242398, 3116258.121537 
-3510880.912589, -5334290.285923, 2668202.271780 
-3242254.725932, -5706635.170583, 2195982.769068 
-2944266.178401, -6027299.883443, 1703876.106343 
-2619613.900428, -6293380.435209, 1196338.877747 
-2271237.993315, -6502467.159200, 677967.419017 
-1902293.403225, -6652666.533665, 153456.182354 
-1516121.349498, -6742618.329810, -372444.777259 
-1116219.066053, -6771507.930240, -894972.819295 
-706208.129895, -6739073.706260, -1409395.848890 
-289801.663553, -6645609.387224, -1911055.171427 
129229.291531, -6491961.400480, -2395407.682397 
547089.926139, -6279521.205988, -2858067.010457 
959996.029656, -6010212.695047, -3294843.241087 
1364208.260471, -5686474.767235, -3701780.861108 
1756066.010025, -5311239.243358, -4075194.580415 
2132020.553859, -4887904.314428, -4411702.706543 
2488667.189406, -4420303.767116, -4708257.769791 
2822776.069506, -3912672.264387, -4962174.121584 
3131321.452403, -3369606.995740, -5171152.256120 
3411509.103330, -2796026.044343, -5333299.635052 
3660801.599532, -2197123.848114, -5447147.826608 
3876941.309559, -1578324.158082, -5511665.803933 
4057970.838728, -945230.920066, -5526269.282236 
4202250.755588, -303577.524464, -5490826.010155 
4308474.438872, 340825.116209, -5405656.967451 
4375679.910453, 982141.191851, -5271533.458162 
4403258.547175, 1614562.844772, -5089670.125559 
4390960.592632, 2232362.766549, -4861713.952145 
4338897.419005, 2829946.065423, -4589729.344324 
4247540.518456, 3401900.934500, -4276179.436825 
4117717.233225, 3943047.661916, -3923903.786162 
3950603.263085, 4448485.539111, -3536092.655181 
3747712.018028, 4913637.242398, -3116258.121537 
3510880.912589, 5334290.285923, -2668202.271780 
3242254.725932, 5706635.170583, -2195982.769068 
2944266.178401, 6027299.883443, -1703876.106343 
2619613.900428, 6293380.435209, -1196338.877747 
2271237.993316, 6502467.159200, -677967.419017 
1902293.403225, 6652666.533665, -153456.182354 
1516121.349498, 6742618.329810, 372444.777259 
1116219.066053, 6771507.930240, 894972.819295 
-1268235.498678, 6592367.761890, 1683005.351116 
-1639616.841501, 6362200.561089, 2175845.038956 
-1996149.560307, 6074416.286795, 2648979.937185 
-2334604.839583, 5731621.157961, 3098125.262898 
-2651917.575909, 5336919.580358, 3519213.486474 
-2945214.136008, 4893886.032592, 3908431.167753 
-3211838.380814, 4406532.695078, 4262253.491140 
-3449375.719877, 3879273.115109, 4577476.186886 
-3655674.978273, 3316882.237090, 4851244.549444 
-3828867.877970, 2724453.159899, 5081079.290128 
-3967385.957249, 2107351.013000, 5264898.989936 
-4069974.774934, 1471164.368996, 5401038.949202 
-4135705.270806, 821654.632651, 5488266.263372 
-4163982.179317, 164703.864717, 5525790.988382 
-4154549.420402, -493738.486922, 5513273.294511 
-4107492.418589, -1147709.466366, 5450826.543933 
-4023237.329372, -1791286.611155, 5339016.264093 
-3902547.179886, -2418641.587005, 5178855.026197 
-3746514.958815, -3024092.970108, 4971793.275219 
-3556553.718115, -3602157.698982, 4719706.194439 
-3334383.776198, -4147600.729925, 4424876.723498 
-3082017.138461, -4655482.446386, 4089974.883740 
-2801739.276256, -5121203.392894, 3718033.598086 
-2496088.429305, -5540545.928437, 3312421.224416 
-2167832.619010, -5909712.422078, 2876811.051197 
-1819944.580820, -6225359.644883, 2415148.031613 
-1455574.842680, -6484629.046723, 1931613.057460 
-1078023.193364, -6685172.643747, 1430585.096340 
-690708.799073, -6825174.282084, 916601.535057 
-297139.238938, -6903366.085218, 394317.088333 
99121.260158, -6919039.936071, -131538.355005 
494484.101772, -6872053.889824, -656202.566630 
885368.818788, -6762833.459386, -1174924.106197 
1268235.498678, -6592367.761890, -1683005.351116 
1639616.841501, -6362200.561089, -2175845.038956 
1996149.560307, -6074416.286795, -2648979.937185 
2334604.839583, -5731621.157961, -3098125.262898 
2651917.575909, -5336919.580358, -3519213.486474 
2945214.136008, -4893886.032592, -3908431.167753 
3211838.380814, -4406532.695078, -4262253.491140 
3449375.719877, -3879273.115109, -4577476.186886 
3655674.978273, -3316882.237090, -4851244.549444 
3828867.877970, -2724453.159899, -5081079.290128 
3967385.957249, -2107351.013000, -5264898.989936 
4069974.774934, -1471164.368996, -5401038.949202 
4135705.270806, -821654.632651, -5488266.263372 
4163982.179317, -164703.864717, -5525790.988382 
4154549.420402, 493738.486922, -5513273.294511 
4107492.418589, 1147709.466366, -5450826.543933 
4023237.329372, 1791286.611155, -5339016.264093 
3902547.179886, 2418641.587005, -5178855.026197 
3746514.958815, 3024092.970108, -4971793.275219 
3556553.718115, 3602157.698982, -4719706.194439 
3334383.776198, 4147600.729925, -4424876.723498 
3082017.138461, 4655482.446386, -4089974.883740 
2801739.276256, 5121203.392894, -3718033.598086 
2496088.429305, 5540545.928437, -3312421.224416 
2167832.619010, 5909712.422078, -2876811.051197 
1819944.580820, 6225359.644883, -2415148.031613 
1455574.842680, 6484629.046723, -1931613.057460 
1078023.193364, 6685172.643747, -1430585.096340 
690708.799073, 6825174.282084, -916601.535057 
297139.238938, 6903366.085218, -394317.088333 
-99121.260158, 6919039.936071, 131538.355005 
-494484.101772, 6872053.889824, 656202.566630 
-885368.818788, 6762833.459386, 1174924.106197 
-3096768.039985, 5873620.346633, 1952140.550816 
-3380396.662106, 5526722.630422, 2434850.380044 
-3633411.888587, 5129774.058236, 2895509.827185 
-3853522.374357, 4686369.457813, 3329947.088949 
-4038734.764773, 4200524.369878, 3734227.834221 
-4187371.747745, 3676638.682782, 4104690.833967 
-4298087.243740, 3119456.786433, 4437981.117893 
-4369878.596079, 2534024.606367, 4731080.357578 
-4402095.651160, 1925643.907061, 4981334.200918 
-4394446.646343, 1299824.278340, 5186476.310356 
-4347000.852199, 662233.239672, 5344648.887181 
-4260187.945189, 18644.914236, 5454419.496045 
-4134794.116440, -625112.262431, 5514794.037316 
-3971954.951884, -1263208.325648, 5525225.749797 
-3773145.148212, -1889864.578656, 5485620.162285 
-3540165.157791, -2499405.925386, 5396335.949115 
-3275124.883493, -3086312.265013, 5258181.681946 
-2980424.571084, -3645268.482842, 5072408.507216 
-2658733.072230, -4171212.584806, 4840698.815563 
-2312963.674959, -4659381.539673, 4565151.005835 
-1946247.720476, -5105354.413794, 4248260.481667 
-1561906.245252, -5505092.407761, 3892897.052718 
-1163419.905204, -5854975.432398, 3502278.945229 
-754397.454335, -6151834.892853, 3079943.657271 
-338543.063297, -6392982.383884, 2629715.922612 
80377.226146, -6576234.036469, 2155673.073336 
498569.606982, -6699930.295264, 1662108.114894 
912246.864252, -6762950.947796, 1153490.847979 
1317662.672655, -6764725.269275, 634427.389322 
1711145.523849, -6705237.191172, 109618.457985 
2089131.976201, -6585025.446735, -416183.195083 
2448198.925867, -6405178.692135, -938215.828689 
2785094.606948, -6167325.647433, -1451751.834464 
3096768.039985, -5873620.346633, -1952140.550816 
3380396.662106, -5526722.630422, -2434850.380044 
3633411.888587, -5129774.058236, -2895509.827185 
3853522.374357, -4686369.457813, -3329947.088949 
4038734.764773, -4200524.369878, -3734227.834221 
4187371.747745, -3676638.682782, -4104690.833967 
4298087.243740, -3119456.786433, -4437981.117893 
4369878.596079, -2534024.606367, -4731080.357578 
4402095.651160, -1925643.907061, -4981334.200918 
4394446.646343, -1299824.278340, -5186476.310356 
4347000.852199, -662233.239672, -5344648.887181 
4260187.945189, -18644.914236, -5454419.496045 
4134794.116440, 625112.262431, -5514794.037316 
3971954.951884, 1263208.325648, -5525225.749797 
3773145.148212, 1889864.578656, -5485620.162285 
3540165.157791, 2499405.925386, -5396335.949115 
3275124.883493, 3086312.265013, -5258181.681946 
2980424.571084, 3645268.482842, -5072408.507216 
2658733.072230, 4171212.584806, -4840698.815563 
2312963.674959, 4659381.539673, -4565151.005835 
1946247.720476, 5105354.413794, -4248260.481667 
1561906.245252, 5505092.407761, -3892897.052718 
1163419.905204, 5854975.432398, -3502278.945229 
754397.454335, 6151834.892853, -3079943.657271 
338543.063297, 6392982.383884, -2629715.922612 
-80377.226146, 6576234.036469, -2155673.073336 
-498569.606982, 6699930.295264, -1662108.114894 
-912246.864252, 6762950.947796, -1153490.847979 
-1317662.672655, 6764725.269275, -634427.389322 
-1711145.523849, 6705237.191172, -109618.457985 
-2089131.976201, 6585025.446735, 416183.195083 
-2448198.925867, 6405178.692135, 938215.828689 
-2785094.606948, 6167325.647433, 1451751.834464 
-4616404.247913, 4655965.624462, 2216085.946818 
-4777733.474600, 4225101.002130, 2687382.623945 
-4895794.807091, 3755973.210851, 3134341.947879 
-4969519.063676, 3252830.744547, 3552916.185768 
-4998238.586072, 2720230.139307, 3939314.664496 
-4981693.285835, 2162994.708687, 4290038.099604 
-4920032.999768, 1586170.863038, 4601910.285354 
-4813816.132969, 994982.408428, 4872106.858936 
-4664004.601832, 394783.239051, 5098180.878338 
-4471955.122782, -208991.148473, 5278084.982234 
-4239406.925640, -810872.879793, 5410189.931199 
-3968466.002892, -1405411.220747, 5493299.362359 
-3661586.037489, -1987221.940053, 5526660.623834 
-3321546.181920, -2551036.069740, 5509971.590876 
-2951425.889773, -3091747.621743, 5443383.401950 
-2554577.027729, -3604459.828514, 5327499.090008 
-2134593.520536, -4084529.488913, 5163368.121322 
-1695278.803871, -4527609.017756, 4952476.891363 
-1240611.379837, -4929685.818216, 4696735.263766 
-774708.787035, -5287118.620526, 4398459.274312 
-301790.311490, -5596670.457878, 4060350.156552 
173861.223849, -5855537.980897, 3685469.879013 
647938.245022, -6061376.845209, 3277213.415541 
1116147.437111, -6212322.942183, 2839277.999889 
1574248.625171, -6307009.280591, 2375629.642997 
2018093.173903, -6344578.366289, 1890467.216182 
2443661.558343, -6324689.967820, 1388184.425512 
2847099.765299, -6247524.197600, 873330.021718 
3224754.195897, -6113779.880793, 350566.606009 
3573204.753132, -5924668.226644, -175371.595170 
3889295.814797, -5681901.859577, -699721.604027 
4170164.811292, -5387679.309404, -1217734.825682 
4413268.149489, -5044665.101104, -1724720.052186 
4616404.247913, -4655965.624462, -2216085.946818 
4777733.474600, -4225101.002130, -2687382.623945 
4895794.807091, -3755973.210851, -3134341.947879 
4969519.063676, -3252830.744547, -3552916.185768 
4998238.586072, -2720230.139307, -3939314.664496 
4981693.285835, -2162994.708687, -4290038.099604 
4920032.999768, -1586170.863038, -4601910.285354 
4813816.132969, -994982.408428, -4872106.858936 
4664004.601832, -394783.239051, -5098180.878338 
4471955.122782, 208991.148473, -5278084.982234 
4239406.925640, 810872.879793, -5410189.931199 
3968466.002892, 1405411.220747, -5493299.362359 
3661586.037489, 1987221.940053, -5526660.623834 
3321546.181920, 2551036.069740, -5509971.590876 
2951425.889773, 3091747.621743, -5443383.401950 
2554577.027729, 3604459.828514, -5327499.090008 
2134593.520536, 4084529.488913, -5163368.121322 
1695278.803871, 4527609.017756, -4952476.891363 
1240611.379837, 4929685.818216, -4696735.263766 
774708.787035, 5287118.620526, -4398459.274312 
301790.311490, 5596670.457878, -4060350.156552 
-173861.223849, 5855537.980897, -3685469.879013 
-647938.245022, 6061376.845209, -3277213.415541 
-1116147.437111, 6212322.942183, -2839277.999889 
-1574248.625171, 6307009.280591, -2375629.642997 
-2018093.173903, 6344578.366289, -1890467.216182 
-2443661.558343, 6324689.967820, -1388184.425512 
-2847099.765299, 6247524.197600, -873330.021718 
-3224754.195897, 6113779.880793, -350566.606009 
-3573204.753132, 5924668.226644, 175371.595170 
-3889295.814797, 5681901.859577, 699721.604027 
-4170164.811292, 5387679.309404, 1217734.825682 
-4413268.149489, 5044665.101104, 1724720.052186 
-5694565.092754, 3057908.023560, 2474139.835140 
-5710898.736601, 2585485.321898, 2932770.408767 
-5675513.597134, 2089648.064789, 3364841.359421 
-5588730.127657, 1574886.631215, 3766439.785665 
-5451334.252707, 1045862.780431, 4133928.749963 
-5264570.250605, 507367.434352, 4463980.215346 
-5030129.485075, -35722.709781, 4753605.184635 
-4750135.087993, -578489.343522, 5000180.769257 
-4427122.731977, -1116017.088186, 5201473.942537 
-4064017.666944, -1643438.009281, 5355661.762324 
-3664108.228590, -2155975.701271, 5461347.879847 
-3231016.058717, -2648988.543448, 5517575.185260 
-2768663.307081, -3118011.735171, 5523834.475377 
-2281237.111797, -3558797.729784, 5480069.065098 
-1773151.679971, -3967354.701062, 5386675.300756 
-1249008.311952, -4339982.693807, 5244498.970743 
-713553.731247, -4673307.131215, 5054827.645920 
-171637.097454, -4964309.375562, 4819379.019177 
371833.908472, -5210354.065463, 4540285.349736 
911937.528942, -5409212.982103, 4220074.153088 
1443782.501934, -5559085.228339, 3861645.311414 
1962552.357013, -5658613.537903, 3468244.811810 
2463549.034038, -5706896.567009, 3043435.350119 
2942235.429520, -5703497.057069, 2591064.066610 
3394276.485337, -5648445.794572, 2115227.705678 
3815578.447686, -5542241.332277, 1620235.515091 
4202325.940755, -5385845.474238, 1110570.220780 
4551016.519359, -5180674.565566, 590847.430574 
4858492.387621, -4928586.665782, 65773.834542 
5121968.996464, -4631864.721941, -459895.419521 
5339060.260919, -4293195.893916, -981399.789449 
5507800.168878, -3915647.219059, -1494016.450910 
5626660.585603, -3502637.836632, -1993103.068037 
5694565.092754, -3057908.023560, -2474139.835140 
5710898.736601, -2585485.321898, -2932770.408767 
5675513.597134, -2089648.064789, -3364841.359421 
5588730.127657, -1574886.631215, -3766439.785665 
5451334.252707, -1045862.780431, -4133928.749963 
5264570.250605, -507367.434352, -4463980.215346 
5030129.485075, 35722.709781, -4753605.184635 
4750135.087993, 578489.343522, -5000180.769257 
4427122.731977, 1116017.088186, -5201473.942537 
4064017.666944, 1643438.009281, -5355661.762324 
3664108.228590, 2155975.701271, -5461347.879847 
3231016.058717, 2648988.543448, -5517575.185260 
2768663.307081, 3118011.735171, -5523834.475377 
2281237.111797, 3558797.729784, -5480069.065098 
1773151.679971, 3967354.701062, -5386675.300756 
1249008.311952, 4339982.693807, -5244498.970743 
713553.731247, 4673307.131215, -5054827.645920 
171637.097454, 4964309.375562, -4819379.019177 
-371833.908472, 5210354.065463, -4540285.349736 
-911937.528942, 5409212.982103, -4220074.153088 
-1443782.501934, 5559085.228339, -3861645.311414 
-1962552.357013, 5658613.537903, -3468244.811810 
-2463549.034038, 5706896.567009, -3043435.350119 
-2942235.429520, 5703497.057069, -2591064.066610 
-3394276.485337, 5648445.794572, -2115227.705678 
-3815578.447686, 5542241.332277, -1620235.515091 
-4202325.940755, 5385845.474238, -1110570.220780 
-4551016.519359, 5180674.565566, -590847.430574 
-4858492.387621, 4928586.665782, -65773.834542 
-5121968.996464, 4631864.721941, 459895.419521 
-5339060.260919, 4293195.893916, 981399.789449 
-5507800.168878, 3915647.219059, 1494016.450910 
-5626660.585603, 3502637.836632, 1993103.068037 
-6241311.158373, 1231784.272389, 2725616.174494 
-6104321.571433, 765707.489588, 3170361.366300 
-5912050.303064, 292696.341188, 3586395.274631 
-5666238.591647, -182965.510602, 3969950.231988 
-5369112.546105, -656970.398396, 4317552.705282 
-5023362.985918, -1125025.660528, 4626054.752688 
-4632121.072643, -1582892.516063, 4892662.531891 
-4198929.953633, -2026424.451856, 5114961.601557 
-3727712.674743, -2451604.774013, 5290938.786888 
-3222736.652619, -2854582.983696, 5419000.411243 
-2688575.028316, -3231709.647836, 5497986.728721 
-2130065.252221, -3579569.448962, 5527182.427000 
-1552265.275353, -3895012.114849, 5506323.105314 
-960407.743777, -4175180.947866, 5435597.668911 
-359852.610950, -4417538.695676, 5315646.618295 
243961.402846, -4619890.528986, 5147556.248756 
845566.064399, -4780403.918257, 4932848.812709 
1439513.148734, -4897625.229381, 4673468.733944 
2020423.779080, -4970492.888011, 4371764.998620 
2583037.138812, -4998346.993348, 4030469.882484 
3122258.114222, -4980935.294300, 3652674.206958 
3633203.436656, -4918415.473909, 3241799.348183 
4111245.906152, -4811353.721352, 2801566.252506 
4552056.296080, -4660719.604437, 2335961.739013 
4951642.559287, -4467877.289054, 1849202.394280 
5306385.980696, -4234573.185074, 1345696.386307 
5613073.948951, -3962920.130590, 830003.543474 
5868929.050317, -3655378.257730, 306794.060022 
6071634.221377, -3314732.713318, -219193.797946 
6219353.732713, -2944068.436156, -743196.602937 
6310749.813555, -2546742.219335, -1260468.904405 
6344994.766841, -2126352.310604, -1766326.204286 
6321778.464972, -1686705.826073, -2256187.380538 
6241311.158373, -1231784.272389, -2725616.174494 
6104321.571433, -765707.489588, -3170361.366300 
5912050.303064, -292696.341188, -3586395.274631 
5666238.591647, 182965.510602, -3969950.231988 
5369112.546105, 656970.398396, -4317552.705282 
5023362.985918, 1125025.660528, -4626054.752688 
4632121.072643, 1582892.516063, -4892662.531891 
4198929.953633, 2026424.451856, -5114961.601557 
3727712.674743, 2451604.774013, -5290938.786888 
3222736.652619, 2854582.983696, -5419000.411243 
2688575.028316, 3231709.647836, -5497986.728721 
2130065.252221, 3579569.448962, -5527182.427000 
1552265.275353, 3895012.114849, -5506323.105314 
960407.743777, 4175180.947866, -5435597.668911 
359852.610950, 4417538.695676, -5315646.618295 
-243961.402846, 4619890.528986, -5147556.248756 
-845566.064399, 4780403.918257, -4932848.812709 
-1439513.148734, 4897625.229381, -4673468.733944 
-2020423.779080, 4970492.888011, -4371764.998620 
-2583037.138812, 4998346.993348, -4030469.882484 
-3122258.114222, 4980935.294300, -3652674.206958 
-3633203.436656, 4918415.473909, -3241799.348183 
-4111245.906152, 4811353.721352, -2801566.252506 
-4552056.296080, 4660719.604437, -2335961.739013 
-4951642.559287, 4467877.289054, -1849202.394280 
-5306385.980696, 4234573.185074, -1345696.386307 
-5613073.948951, 3962920.130590, -830003.543474 
-5868929.050317, 3655378.257730, -306794.060022 
-6071634.221377, 3314732.713318, 219193.797946 
-6219353.732713, 2944068.436156, 743196.602937 
-6310749.813555, 2546742.219335, 1260468.904405 
-6344994.766841, 2126352.310604, 1766326.204286 
-6321778.464972, 1686705.826073, 2256187.380538 
-6217438.861101, -650928.036511, 2969846.410128 
-5934274.681805, -1062008.733940, 3399523.856355 
-5597368.792044, -1463471.715818, 3798414.688110 
-5209772.263729, -1851681.271213, 4162906.488251 
-4774995.231040, -2223121.714276, 4489698.362591 
-4296975.102113, -2574429.222836, 4775830.833313 
-3780040.901258, -2902422.301694, 5018712.640453 
-3228874.064647, -3204130.594736, 5216144.208754 
-2648466.044504, -3476821.784941, 5366337.567361 
-2044073.105736, -3718026.338662, 5467932.541960 
-1421168.724390, -3925559.870109, 5520009.072728 
-785394.019002, -4097542.923485, 5522095.546540 
-142506.663758, -4232417.993625, 5474173.067964 
501671.253902, -4328963.631009, 5376675.630388 
1141305.959000, -4386305.503394, 5230486.185704 
1770604.820598, -4403924.313904, 5036928.648162 
2383868.810756, -4381660.503863, 4797755.904795 
2975544.115812, -4319715.697782, 4515133.941002 
3540272.432582, -4218650.877417, 4191622.225054 
4072939.493977, -4079381.301432, 3830150.529148 
4568721.384604, -3903168.216674, 3433992.396936 
5023128.226888, -3691607.436124, 3006735.497810 
5432044.842099, -3446614.886974, 2552249.136412 
5791768.018047, -3170409.259686, 2074649.211609 
6099040.045946, -2865491.915192, 1578260.942278 
6351078.222729, -2534624.232181, 1067579.697454 
6545600.051639, -2180802.599628, 547230.285571 
6680843.912869, -1807231.281027, 21925.071481 
6755585.017070, -1417293.396088, -503578.699451 
6769146.497229, -1014520.282681, -1024521.983700 
6721405.538480, -602559.516491, -1536187.038213 
6612794.490340, -185141.878012, -2033940.145024 
6444296.951278, 233952.433985, -2513273.574918 
6217438.861101, 650928.036511, -2969846.410128 
5934274.681805, 1062008.733940, -3399523.856355 
5597368.792044, 1463471.715818, -3798414.688110 
5209772.263729, 1851681.271213, -4162906.488251 
4774995.231040, 2223121.714276, -4489698.362591 
4296975.102113, 2574429.222836, -4775830.833313 
3780040.901258, 2902422.301694, -5018712.640453 
3228874.064647, 3204130.594736, -5216144.208754 
2648466.044504, 3476821.784941, -5366337.567361 
2044073.105736, 3718026.338662, -5467932.541960 
1421168.724390, 3925559.870109, -5520009.072728 
785394.019002, 4097542.923485, -5522095.546540 
142506.663758, 4232417.993625, -5474173.067964 
-501671.253902, 4328963.631009, -5376675.630388 
-1141305.959000, 4386305.503394, -5230486.185704 
-1770604.820598, 4403924.313904, -5036928.648162 
-2383868.810756, 4381660.503863, -4797755.904795 
-2975544.115812, 4319715.697782, -4515133.941002 
-3540272.432582, 4218650.877417, -4191622.225054 
-4072939.493977, 4079381.301432, -3830150.529148 
-4568721.384604, 3903168.216674, -3433992.396936 
-5023128.226888, 3691607.436124, -3006735.497810 
-5432044.842099, 3446614.886974, -2552249.136412 
-5791768.018047, 3170409.259686, -2074649.211609 
-6099040.045946, 2865491.915192, -1578260.942278 
-6351078.222729, 2534624.232181, -1067579.697454 
-6545600.051639, 2180802.599628, -547230.285571 
-6680843.912869, 1807231.281027, -21925.071481 
-6755585.017070, 1417293.396088, 503578.699451 
-6769146.497229, 1014520.282681, 1024521.983700 
-6721405.538480, 602559.516491, 1536187.038213 
-6612794.490340, 185141.878012, 2033940.145024 
-6444296.951278, -233952.433985, 2513273.574918 
-5637680.164140, -2416030.867207, 3206181.251202 
-5230542.804106, -2727600.897131, 3619648.645985 
-4776036.838468, -3014469.350952, 4000335.942114 
-4278278.343633, -3274038.303528, 4344795.576484 
-3741775.097610, -3503957.058230, 4649908.069305 
-3171385.756875, -3702143.435212, 4912910.274594 
-2572275.855625, -3866802.627953, 5131420.403653 
-1949871.025900, -3996443.457306, 5303459.594917 
-1309807.862218, -4089891.875845, 5427469.834828 
-657882.875708, -4146301.600221, 5502328.067450 
-0.000000, -4165161.775235, 5527356.365037 
657882.875708, -4146301.600221, 5502328.067450 
1309807.862218, -4089891.875845, 5427469.834828 
1949871.025900, -3996443.457306, 5303459.594917 
2572275.855625, -3866802.627953, 5131420.403653 
3171385.756875, -3702143.435212, 4912910.274594 
3741775.097610, -3503957.058230, 4649908.069305 
4278278.343633, -3274038.303528, 4344795.576484 
4776036.838468, -3014469.350952, 4000335.942114 
5230542.804106, -2727600.897131, 3619648.645985 
5637680.164140, -2416030.867207, 3206181.251202 
5993761.819592, -2082580.887618, 2763678.182519 
6295563.039849, -1730270.733014, 2296146.816248 
6540350.666324, -1362290.978714, 1807821.188842 
6725907.864367, -981974.106354, 1303123.652802 
6850554.199258, -592764.324425, 786624.827169 
6913160.854486, -198186.376982, 263002.205289 
6913160.854486, 198186.376982, -263002.205289 
6850554.199258, 592764.324425, -786624.827169 
6725907.864367, 981974.106354, -1303123.652802 
6540350.666324, 1362290.978714, -1807821.188842 
6295563.039849, 1730270.733014, -2296146.816248 
5993761.819592, 2082580.887618, -2763678.182519 
5637680.164140, 2416030.867207, -3206181.251202 
5230542.804106, 2727600.897131, -3619648.645985 
4776036.838468, 3014469.350952, -4000335.942114 
4278278.343633, 3274038.303528, -4344795.576484 
3741775.097610, 3503957.058230, -4649908.069305 
3171385.756875, 3702143.435212, -4912910.274594 
2572275.855625, 3866802.627953, -5131420.403653 
1949871.025900, 3996443.457306, -5303459.594917 
1309807.862218, 4089891.875845, -5427469.834828 
657882.875708, 4146301.600221, -5502328.067450 
0.000000, 4165161.775235, -5527356.365037 
-657882.875708, 4146301.600221, -5502328.067450 
-1309807.862218, 4089891.875845, -5427469.834828 
-1949871.025900, 3996443.457306, -5303459.594917 
-2572275.855625, 3866802.627953, -5131420.403653 
-3171385.756875, 3702143.435212, -4912910.274594 
-3741775.097610, 3503957.058230, -4649908.069305 
-4278278.343633, 3274038.303528, -4344795.576484 
-4776036.838468, 3014469.350952, -4000335.942114 
-5230542.804106, 2727600.897131, -3619648.645985 
-5637680.164140, 2416030.867207, -3206181.251202 
-5993761.819592, 2082580.887618, -2763678.182519 
-6295563.039849, 1730270.733014, -2296146.816248 
-6540350.666324, 1362290.978714, -1807821.188842 
-6725907.864367, 981974.106354, -1303123.652802 
-6850554.199258, 592764.324425, -786624.827169 
-6913160.854486, 198186.376982, -263002.205289 
-6913160.854486, -198186.376982, 263002.205289 
-6850554.199258, -592764.324425, 786624.827169 
-6725907.864367, -981974.106354, 1303123.652802 
-6540350.666324, -1362290.978714, 1807821.188842 
-6295563.039849, -1730270.733014, 2296146.816248 
-5993761.819592, -2082580.887618, 2763678.182519 
-4568721.384604, -3903168.216674, 3433992.396936 
-4072939.493977, -4079381.301432, 3830150.529148 
-3540272.432582, -4218650.877417, 4191622.225054 
-2975544.115812, -4319715.697782, 4515133.941002 
-2383868.810756, -4381660.503863, 4797755.904795 
-1770604.820598, -4403924.313904, 5036928.648162 
-1141305.959000, -4386305.503394, 5230486.185704 
-501671.253902, -4328963.631009, 5376675.630388 
142506.663758, -4232417.993625, 5474173.067964 
785394.019002, -4097542.923485, 5522095.546540 
1421168.724390, -3925559.870109, 5520009.072728 
2044073.105736, -3718026.338662, 5467932.541960 
2648466.044504, -3476821.784941, 5366337.567361 
3228874.064647, -3204130.594736, 5216144.208754 
3780040.901258, -2902422.301694, 5018712.640453 
4296975.102113, -2574429.222836, 4775830.833313 
4774995.231040, -2223121.714276, 4489698.362591 
5209772.263729, -1851681.271213, 4162906.488251 
5597368.792044, -1463471.715818, 3798414.688110 
5934274.681805, -1062008.733940, 3399523.856355 
6217438.861101, -650928.036511, 2969846.410128 
6444296.951278, -233952.433985, 2513273.574918 
6612794.490340, 185141.878012, 2033940.145024 
6721405.538480, 602559.516491, 1536187.038213 
6769146.497229, 1014520.282681, 1024521.983700 
6755585.017070, 1417293.396088, 503578.699451 
6680843.912869, 1807231.281027, -21925.071481 
6545600.051639, 2180802.599628, -547230.285571 
6351078.222729, 2534624.232181, -1067579.697454 
6099040.045946, 2865491.915192, -1578260.942278 
5791768.018047, 3170409.259686, -2074649.211609 
5432044.842099, 3446614.886974, -2552249.136412 
5023128.226888, 3691607.436124, -3006735.497810 
4568721.384604, 3903168.216674, -3433992.396936 
4072939.493977, 4079381.301432, -3830150.529148 
3540272.432582, 4218650.877417, -4191622.225054 
2975544.115812, 4319715.697782, -4515133.941002 
2383868.810756, 4381660.503863, -4797755.904795 
1770604.820598, 4403924.313904, -5036928.648162 
1141305.959000, 4386305.503394, -5230486.185704 
501671.253902, 4328963.631009, -5376675.630388 
-142506.663758, 4232417.993625, -5474173.067964 
-785394.019002, 4097542.923485, -5522095.546540 
-1421168.724390, 3925559.870109, -5520009.072728 
-2044073.105736, 3718026.338662, -5467932.541960 
-2648466.044504, 3476821.784941, -5366337.567361 
-3228874.064647, 3204130.594736, -5216144.208754 
-3780040.901258, 2902422.301694, -5018712.640453 
-4296975.102113, 2574429.222836, -4775830.833313 
-4774995.231040, 2223121.714276, -4489698.362591 
-5209772.263729, 1851681.271213, -4162906.488251 
-5597368.792044, 1463471.715818, -3798414.688110 
-5934274.681805, 1062008.733940, -3399523.856355 
-6217438.861101, 650928.036511, -2969846.410128 
-6444296.951278, 233952.433985, -2513273.574918 
-6612794.490340, -185141.878012, -2033940.145024 
-6721405.538480, -602559.516491, -1536187.038213 
-6769146.497229, -1014520.282681, -1024521.983700 
-6755585.017070, -1417293.396088, -503578.699451 
-6680843.912869, -1807231.281027, 21925.071481 
-6545600.051639, -2180802.599628, 547230.285571 
-6351078.222729, -2534624.232181, 1067579.697454 
-6099040.045946, -2865491.915192, 1578260.942278 
-5791768.018047, -3170409.259686, 2074649.211609 
-5432044.842099, -3446614.886974, 2552249.136412 
-5023128.226888, -3691607.436124, 3006735.497810 
-3122258.114222, -4980935.294300, 3652674.206958 
-2583037.138812, -4998346.993348, 4030469.882484 
-2020423.779080, -4970492.888011, 4371764.998620 
-1439513.148734, -4897625.229381, 4673468.733944 
-845566.064399, -4780403.918257, 4932848.812709 
-243961.402846, -4619890.528986, 5147556.248756 
359852.610950, -4417538.695676, 5315646.618295 
960407.743777, -4175180.947866, 5435597.668911 
1552265.275353, -3895012.114849, 5506323.105314 
2130065.252221, -3579569.448962, 5527182.427000 
2688575.028316, -3231709.647836, 5497986.728721 
3222736.652619, -2854582.983696, 5419000.411243 
3727712.674743, -2451604.774013, 5290938.786888 
4198929.953633, -2026424.451856, 5114961.601557 
4632121.072643, -1582892.516063, 4892662.531891 
5023362.985918, -1125025.660528, 4626054.752688 
5369112.546105, -656970.398396, 4317552.705282 
5666238.591647, -182965.510602, 3969950.231988 
5912050.303064, 292696.341188, 3586395.274631 
6104321.571433, 765707.489588, 3170361.366300 
6241311.158373, 1231784.272389, 2725616.174494 
6321778.464972, 1686705.826073, 2256187.380538 
6344994.766841, 2126352.310604, 1766326.204286 
6310749.813555, 2546742.219335, 1260468.904405 
6219353.732713, 2944068.436156, 743196.602937 
6071634.221377, 3314732.713318, 219193.797946 
5868929.050317, 3655378.257730, -306794.060022 
5613073.948951, 3962920.130590, -830003.543474 
5306385.980696, 4234573.185074, -1345696.386307 
4951642.559287, 4467877.289054, -1849202.394280 
4552056.296080, 4660719.604437, -2335961.739013 
4111245.906152, 4811353.721352, -2801566.252506 
3633203.436656, 4918415.473909, -3241799.348183 
3122258.114222, 4980935.294300, -3652674.206958 
2583037.138812, 4998346.993348, -4030469.882484 
2020423.779080, 4970492.888011, -4371764.998620 
1439513.148734, 4897625.229381, -4673468.733944 
845566.064399, 4780403.918257, -4932848.812709 
243961.402846, 4619890.528986, -5147556.248756 
-359852.610950, 4417538.695676, -5315646.618295 
-960407.743777, 4175180.947866, -5435597.668911 
-1552265.275353, 3895012.114849, -5506323.105314 
-2130065.252221, 3579569.448962, -5527182.427000 
-2688575.028316, 3231709.647836, -5497986.728721 
-3222736.652619, 2854582.983696, -5419000.411243 
-3727712.674743, 2451604.774013, -5290938.786888 
-4198929.953633, 2026424.451856, -5114961.601557 
-4632121.072643, 1582892.516063, -4892662.531891 
-5023362.985918, 1125025.660528, -4626054.752688 
-5369112.546105, 656970.398396, -4317552.705282 
-5666238.591647, 182965.510602, -3969950.231988 
-5912050.303064, -292696.341188, -3586395.274631 
-6104321.571433, -765707.489588, -3170361.366300 
-6241311.158373, -1231784.272389, -2725616.174494 
-6321778.464972, -1686705.826073, -2256187.380538 
-6344994.766841, -2126352.310604, -1766326.204286 
-6310749.813555, -2546742.219335, -1260468.904405 
-6219353.732713, -2944068.436156, -743196.602937 
-6071634.221377, -3314732.713318, -219193.797946 
-5868929.050317, -3655378.257730, 306794.060022 
-5613073.948951, -3962920.130590, 830003.543474 
-5306385.980696, -4234573.185074, 1345696.386307 
-4951642.559287, -4467877.289054, 1849202.394280 
-4552056.296080, -4660719.604437, 2335961.739013 
-4111245.906152, -4811353.721352, 2801566.252506 
-3633203.436656, -4918415.473909, 3241799.348183 
-1443782.501934, -5559085.228339, 3861645.311414 
-911937.528942, -5409212.982103, 4220074.153088 
-371833.908472, -5210354.065463, 4540285.349736 
171637.097454, -4964309.375562, 4819379.019177 
713553.731247, -4673307.131215, 5054827.645920 
1249008.311952, -4339982.693807, 5244498.970743 
1773151.679971, -3967354.701062, 5386675.300756 
2281237.111797, -3558797.729784, 5480069.065098 
2768663.307081, -3118011.735171, 5523834.475377 
3231016.058717, -2648988.543448, 5517575.185260 
3664108.228590, -2155975.701271, 5461347.879847 
4064017.666944, -1643438.009281, 5355661.762324 
4427122.731977, -1116017.088186, 5201473.942537 
4750135.087993, -578489.343522, 5000180.769257 
5030129.485075, -35722.709781, 4753605.184635 
5264570.250605, 507367.434352, 4463980.215346 
5451334.252707, 1045862.780431, 4133928.749963 
5588730.127657, 1574886.631215, 3766439.785665 
5675513.597134, 2089648.064789, 3364841.359421 
5710898.736601, 2585485.321898, 2932770.408767 
5694565.092754, 3057908.023560, 2474139.835140 
5626660.585603, 3502637.836632, 1993103.068037 
5507800.168878, 3915647.219059, 1494016.450910 
5339060.260919, 4293195.893916, 981399.789449 
5121968.996464, 4631864.721941, 459895.419521 
4858492.387621, 4928586.665782, -65773.834542 
4551016.519359, 5180674.565566, -590847.430574 
4202325.940755, 5385845.474238, -1110570.220780 
3815578.447686, 5542241.332277, -1620235.515091 
3394276.485337, 5648445.794572, -2115227.705678 
2942235.429520, 5703497.057069, -2591064.066610 
2463549.034038, 5706896.567009, -3043435.350119 
1962552.357013, 5658613.537903, -3468244.811810 
1443782.501934, 5559085.228339, -3861645.311414 
911937.528942, 5409212.982103, -4220074.153088 
371833.908472, 5210354.065463, -4540285.349736 
-171637.097454, 4964309.375562, -4819379.019177 
-713553.731247, 4673307.131215, -5054827.645920 
-1249008.311952, 4339982.693807, -5244498.970743 
-1773151.679971, 3967354.701062, -5386675.300756 
-2281237.111797, 3558797.729784, -5480069.065098 
-2768663.307081, 3118011.735171, -5523834.475377 
-3231016.058717, 2648988.543448, -5517575.185260 
-3664108.228590, 2155975.701271, -5461347.879847 
-4064017.666944, 1643438.009281, -5355661.762324 
-4427122.731977, 1116017.088186, -5201473.942537 
-4750135.087993, 578489.343522, -5000180.769257 
-5030129.485075, 35722.709781, -4753605.184635 
-5264570.250605, -507367.434352, -4463980.215346 
-5451334.252707, -1045862.780431, -4133928.749963 
-5588730.127657, -1574886.631215, -3766439.785665 
-5675513.597134, -2089648.064789, -3364841.359421 
-5710898.736601, -2585485.321898, -2932770.408767 
-5694565.092754, -3057908.023560, -2474139.835140 
-5626660.585603, -3502637.836632, -1993103.068037 
-5507800.168878, -3915647.219059, -1494016.450910 
-5339060.260919, -4293195.893916, -981399.789449 
-5121968.996464, -4631864.721941, -459895.419521 
-4858492.387621, -4928586.665782, 65773.834542 
-4551016.519359, -5180674.565566, 590847.430574 
-4202325.940755, -5385845.474238, 1110570.220780 
-3815578.447686, -5542241.332277, 1620235.515091 
-3394276.485337, -5648445.794572, 2115227.705678 
-2942235.429520, -5703497.057069, 2591064.066610 
-2463549.034038, -5706896.567009, 3043435.350119 
-1962552.357013, -5658613.537903, 3468244.811810 
301790.311490, -5596670.457878, 4060350.156552 
774708.787035, -5287118.620526, 4398459.274312 
1240611.379837, -4929685.818216, 4696735.263766 
1695278.803871, -4527609.017756, 4952476.891363 
2134593.520536, -4084529.488913, 5163368.121322 
2554577.027729, -3604459.828514, 5327499.090008 
2951425.889773, -3091747.621743, 5443383.401950 
3321546.181920, -2551036.069740, 5509971.590876 
3661586.037489, -1987221.940053, 5526660.623834 
3968466.002892, -1405411.220747, 5493299.362359 
4239406.925640, -810872.879793, 5410189.931199 
4471955.122782, -208991.148473, 5278084.982234 
4664004.601832, 394783.239051, 5098180.878338 
4813816.132969, 994982.408428, 4872106.858936 
4920032.999768, 1586170.863038, 4601910.285354 
4981693.285835, 2162994.708687, 4290038.099604 
4998238.586072, 2720230.139307, 3939314.664496 
4969519.063676, 3252830.744547, 3552916.185768 
4895794.807091, 3755973.210851, 3134341.947879 
4777733.474600, 4225101.002130, 2687382.623945 
4616404.247913, 4655965.624462, 2216085.946818 
4413268.149489, 5044665.101104, 1724720.052186 
4170164.811292, 5387679.309404, 1217734.825682 
3889295.814797, 5681901.859577, 699721.604027 
3573204.753132, 5924668.226644, 175371.595170 
3224754.195897, 6113779.880793, -350566.606009 
2847099.765299, 6247524.197600, -873330.021718 
2443661.558343, 6324689.967820, -1388184.425512 
2018093.173903, 6344578.366289, -1890467.216182 
1574248.625171, 6307009.280591, -2375629.642997 
1116147.437112, 6212322.942183, -2839277.999889 
647938.245022, 6061376.845209, -3277213.415541 
173861.223849, 5855537.980897, -3685469.879013 
-301790.311490, 5596670.457878, -4060350.156552 
-774708.787035, 5287118.620526, -4398459.274312 
-1240611.379837, 4929685.818216, -4696735.263766 
-1695278.803871, 4527609.017756, -4952476.891363 
-2134593.520536, 4084529.488913, -5163368.121322 
-2554577.027729, 3604459.828514, -5327499.090008 
-2951425.889773, 3091747.621743, -5443383.401950 
-3321546.181920, 2551036.069740, -5509971.590876 
-3661586.037489, 1987221.940053, -5526660.623834 
-3968466.002892, 1405411.220747, -5493299.362359 
-4239406.925640, 810872.879793, -5410189.931199 
-4471955.122782, 208991.148473, -5278084.982234 
-4664004.601832, -394783.239051, -5098180.878338 
-4813816.132969, -994982.408428, -4872106.858936 
-4920032.999768, -1586170.863038, -4601910.285354 
-4981693.285835, -2162994.708687, -4290038.099604 
-4998238.586072, -2720230.139307, -3939314.664496 
-4969519.063676, -3252830.744547, -3552916.185768 
-4895794.807091, -3755973.210851, -3134341.947879 
-4777733.474600, -4225101.002130, -2687382.623945 
-4616404.247913, -4655965.624462, -2216085.946818 
-4413268.149489, -5044665.101104, -1724720.052186 
-4170164.811292, -5387679.309404, -1217734.825682 
-3889295.814797, -5681901.859577, -699721.604027 
-3573204.753132, -5924668.226644, -175371.595170 
-3224754.195897, -6113779.880793, 350566.606009 
-2847099.765299, -6247524.197600, 873330.021718 
-2443661.558343, -6324689.967820, 1388184.425512 
-2018093.173903, -6344578.366289, 1890467.216182 
-1574248.625171, -6307009.280591, 2375629.642997 
-1116147.437112, -6212322.942183, 2839277.999889 
-647938.245022, -6061376.845209, 3277213.415541 
-173861.223849, -5855537.980897, 3685469.879013 
1946247.720476, -5105354.413794, 4248260.481667 
2312963.674959, -4659381.539673, 4565151.005835 
2658733.072230, -4171212.584806, 4840698.815563 
2980424.571084, -3645268.482842, 5072408.507216 
3275124.883493, -3086312.265013, 5258181.681946 
3540165.157791, -2499405.925386, 5396335.949115 
3773145.148212, -1889864.578656, 5485620.162285 
3971954.951884, -1263208.325648, 5525225.749797 
4134794.116440, -625112.262431, 5514794.037316 
4260187.945189, 18644.914236, 5454419.496045 
4347000.852199, 662233.239672, 5344648.887181 
4394446.646343, 1299824.278340, 5186476.310356 
4402095.651160, 1925643.907061, 4981334.200918 
4369878.596079, 2534024.606367, 4731080.357578 
4298087.243740, 3119456.786433, 4437981.117893 
4187371.747745, 3676638.682782, 4104690.833967 
4038734.764773, 4200524.369878, 3734227.834221 
3853522.374357, 4686369.457813, 3329947.088949 
3633411.888587, 5129774.058236, 2895509.827185 
3380396.662106, 5526722.630422, 2434850.380044 
3096768.039985, 5873620.346633, 1952140.550816 
2785094.606948, 6167325.647433, 1451751.834464 
2448198.925867, 6405178.692135, 938215.828689 
2089131.976201, 6585025.446735, 416183.195083 
1711145.523849, 6705237.191172, -109618.457985 
1317662.672655, 6764725.269275, -634427.389322 
912246.864252, 6762950.947796, -1153490.847979 
498569.606982, 6699930.295264, -1662108.114894 
80377.226146, 6576234.036469, -2155673.073336 
-338543.063297, 6392982.383884, -2629715.922612 
-754397.454335, 6151834.892853, -3079943.657271 
-1163419.905204, 5854975.432398, -3502278.945229 
-1561906.245252, 5505092.407761, -3892897.052718 
-1946247.720476, 5105354.413794, -4248260.481667 
-2312963.674959, 4659381.539673, -4565151.005835 
-2658733.072230, 4171212.584806, -4840698.815563 
-2980424.571084, 3645268.482842, -5072408.507216 
-3275124.883493, 3086312.265013, -5258181.681946 
-3540165.157791, 2499405.925386, -5396335.949115 
-3773145.148212, 1889864.578656, -5485620.162285 
-3971954.951884, 1263208.325648, -5525225.749797 
-4134794.116440, 625112.262431, -5514794.037316 
-4260187.945189, -18644.914236, -5454419.496045 
-4347000.852199, -662233.239672, -5344648.887181 
-4394446.646343, -1299824.278340, -5186476.310356 
-4402095.651160, -1925643.907061, -4981334.200918 
-4369878.596079, -2534024.606367, -4731080.357578 
-4298087.243740, -3119456.786433, -4437981.117893 
-4187371.747745, -3676638.682782, -4104690.833967 
-4038734.764773, -4200524.369878, -3734227.834221 
-3853522.374357, -4686369.457813, -3329947.088949 
-3633411.888587, -5129774.058236, -2895509.827185 
-3380396.662106, -5526722.630422, -2434850.380044 
-3096768.039985, -5873620.346633, -1952140.550816 
-2785094.606948, -6167325.647433, -1451751.834464 
-2448198.925867, -6405178.692135, -938215.828689 
-2089131.976201, -6585025.446735, -416183.195083 
-1711145.523849, -6705237.191172, 109618.457985 
-1317662.672655, -6764725.269275, 634427.389322 
-912246.864252, -6762950.947796, 1153490.847979 
-498569.606982, -6699930.295264, 1662108.114894 
-80377.226146, -6576234.036469, 2155673.073336 
338543.063297, -6392982.383884, 2629715.922612 
754397.454335, -6151834.892853, 3079943.657271 
1163419.905204, -5854975.432398, 3502278.945229 
1561906.245252, -5505092.407761, 3892897.052718 
3334383.776198, -4147600.729925, 4424876.723498 
3556553.718115, -3602157.698982, 4719706.194439 
3746514.958815, -3024092.970108, 4971793.275219 
3902547.179886, -2418641.587005, 5178855.026197 
4023237.329372, -1791286.611155, 5339016.264093 
4107492.418589, -1147709.466366, 5450826.543933 
4154549.420402, -493738.486922, 5513273.294511 
4163982.179317, 164703.864717, 5525790.988382 
4135705.270806, 821654.632651, 5488266.263372 
4069974.774934, 1471164.368996, 5401038.949202 
3967385.957249, 2107351.013000, 5264898.989936 
3828867.877970, 2724453.159899, 5081079.290128 
3655674.978273, 3316882.237090, 4851244.549444 
3449375.719877, 3879273.115109, 4577476.186886 
3211838.380814, 4406532.695078, 4262253.491140 
2945214.136008, 4893886.032592, 3908431.167753 
2651917.575909, 5336919.580358, 3519213.486474 
2334604.839583, 5731621.157961, 3098125.262898 
1996149.560307, 6074416.286795, 2648979.937185 
1639616.841501, 6362200.561089, 2175845.038956 
1268235.498678, 6592367.761890, 1683005.351116 
885368.818788, 6762833.459386, 1174924.106197 
494484.101772, 6872053.889824, 656202.566630 
99121.260158, 6919039.936071, 131538.355005 
-297139.238938, 6903366.085218, -394317.088333 
-690708.799073, 6825174.282084, -916601.535057 
-1078023.193364, 6685172.643747, -1430585.096340 
-1455574.842680, 6484629.046723, -1931613.057460 
-1819944.580820, 6225359.644883, -2415148.031613 
-2167832.619010, 5909712.422078, -2876811.051197 
-2496088.429305, 5540545.928437, -3312421.224416 
-2801739.276256, 5121203.392894, -3718033.598086 
-3082017.138461, 4655482.446386, -4089974.883740 
-3334383.776198, 4147600.729925, -4424876.723498 
-3556553.718115, 3602157.698982, -4719706.194439 
-3746514.958815, 3024092.970108, -4971793.275219 
-3902547.179886, 2418641.587005, -5178855.026197 
-4023237.329372, 1791286.611155, -5339016.264093 
-4107492.418589, 1147709.466366, -5450826.543933 
-4154549.420402, 493738.486922, -5513273.294511 
-4163982.179317, -164703.864717, -5525790.988382 
-4135705.270806, -821654.632651, -5488266.263372 
-4069974.774934, -1471164.368996, -5401038.949202 
-3967385.957249, -2107351.013000, -5264898.989936 
-3828867.877970, -2724453.159899, -5081079.290128 
-3655674.978273, -3316882.237090, -4851244.549444 
-3449375.719877, -3879273.115109, -4577476.186886 
-3211838.380814, -4406532.695078, -4262253.491140 
-2945214.136008, -4893886.032592, -3908431.167753 
-2651917.575909, -5336919.580358, -3519213.486474 
-2334604.839583, -5731621.157961, -3098125.262898 
-1996149.560307, -6074416.286795, -2648979.937185 
-1639616.841501, -6362200.561089, -2175845.038956 
-1268235.498678, -6592367.761890, -1683005.351116 
-885368.818788, -6762833.459386, -1174924.106197 
-494484.101772, -6872053.889824, -656202.566630 
-99121.260158, -6919039.936071, -131538.355005 
297139.238938, -6903366.085218, 394317.088333 
690708.799073, -6825174.282084, 916601.535057 
1078023.193364, -6685172.643747, 1430585.096340 
1455574.842680, -6484629.046723, 1931613.057460 
1819944.580820, -6225359.644883, 2415148.031613 
2167832.619010, -5909712.422078, 2876811.051197 
2496088.429305, -5540545.928437, 3312421.224416 
2801739.276256, -5121203.392894, 3718033.598086 
3082017.138461, -4655482.446386, 4089974.883740 
4338897.419005, -2829946.065423, 4589729.344324 
4390960.592632, -2232362.766549, 4861713.952145 
4403258.547175, -1614562.844772, 5089670.125559 
4375679.910453, -982141.191851, 5271533.458162 
4308474.438872, -340825.116209, 5405656.967451 
4202250.755588, 303577.524464, 5490826.010155 
4057970.838728, 945230.920066, 5526269.282236 
3876941.309559, 1578324.158082, 5511665.803933 
3660801.599532, 2197123.848114, 5447147.826608 
3411509.103330, 2796026.044343, 5333299.635052 
3131321.452403, 3369606.995740, 5171152.256120 
2822776.069506, 3912672.264387, 4962174.121584 
2488667.189406, 4420303.767116, 4708257.769791 
2132020.553859, 4887904.314428, 4411702.706543 
1756066.010025, 5311239.243358, 4075194.580415 
1364208.260471, 5686474.767235, 3701780.861108 
959996.029657, 6010212.695047, 3294843.241087 
547089.926139, 6279521.205988, 2858067.010457 
129229.291531, 6491961.400480, 2395407.682397 
-289801.663553, 6645609.387224, 1911055.171427 
-706208.129895, 6739073.706260, 1409395.848890 
-1116219.066053, 6771507.930240, 894972.819295 
-1516121.349498, 6742618.329810, 372444.777259 
-1902293.403225, 6652666.533665, -153456.182354 
-2271237.993315, 6502467.159200, -677967.419017 
-2619613.900428, 6293380.435209, -1196338.877747 
-2944266.178401, 6027299.883443, -1703876.106343 
-3242254.725932, 5706635.170583, -2195982.769068 
-3510880.912589, 5334290.285923, -2668202.271780 
-3747712.018028, 4913637.242398, -3116258.121537 
-3950603.263085, 4448485.539111, -3536092.655181 
-4117717.233225, 3943047.661916, -3923903.786162 
-4247540.518456, 3401900.934500, -4276179.436825 
-4338897.419005, 2829946.065423, -4589729.344324 
-4390960.592632, 2232362.766549, -4861713.952145 
-4403258.547175, 1614562.844772, -5089670.125559 
-4375679.910453, 982141.191851, -5271533.458162 
-4308474.438872, 340825.116209, -5405656.967451 
-4202250.755588, -303577.524464, -5490826.010155 
-4057970.838728, -945230.920066, -5526269.282236 
-3876941.309559, -1578324.158082, -5511665.803933 
-3660801.599532, -2197123.848114, -5447147.826608 
-3411509.103330, -2796026.044343, -5333299.635052 
-3131321.452403, -3369606.995740, -5171152.256120 
-2822776.069506, -3912672.264387, -4962174.121584 
-2488667.189406, -4420303.767116, -4708257.769791 
-2132020.553859, -4887904.314428, -4411702.706543 
-1756066.010025, -5311239.243358, -4075194.580415 
-1364208.260471, -5686474.767235, -3701780.861108 
-959996.029657, -6010212.695047, -3294843.241087 
-547089.926139, -6279521.205988, -2858067.010457 
-129229.291531, -6491961.400480, -2395407.682397 
289801.663553, -6645609.387224, -1911055.171427 
706208.129895, -6739073.706260, -1409395.848890 
1116219.066053, -6771507.930240, -894972.819295 
1516121.349498, -6742618.329810, -372444.777259 
1902293.403225, -6652666.533665, 153456.182354 
2271237.993315, -6502467.159200, 677967.419017 
2619613.900428, -6293380.435209, 1196338.877747 
2944266.178401, -6027299.883443, 1703876.106343 
3242254.725932, -5706635.170583, 2195982.769068 
3510880.912589, -5334290.285923, 2668202.271780 
3747712.018028, -4913637.242398, 3116258.121537 
3950603.263085, -4448485.539111, 3536092.655181 
4117717.233225, -3943047.661916, 3923903.786162 
4247540.518456, -3401900.934500, 4276179.436825 
4872443.392082, -1292040.078904, 4742380.080241 
4744284.032028, -695670.782777, 4990796.748560 
4573159.701110, -93001.384313, 5194015.988680 
4360620.127767, 510510.249089, 5350197.415693 
4108590.103289, 1109398.622621, 5457926.626411 
3819352.050604, 1698240.110431, 5516228.008419 
3495525.354308, 2271702.072822, 5524573.575374 
3140042.639107, 2824591.149461, 5482887.748530 
2756123.211519, 3351900.291250, 5391548.041188 
2347243.905332, 3848854.104948, 5251381.639884 
1917107.594858, 4310952.099862, 5063657.913252 
1469609.661133, 4734009.444991, 4830076.916431 
1008802.714743, 5114194.867508, 4552753.995098 
538859.894751, 5448065.349351, 4234200.628575 
64037.076108, 5732597.307737, 3877301.685477 
-411365.672214, 5965213.977190, 3485289.297901 
-883043.029306, 6143808.745129, 3061713.590732 
-1346723.411981, 6266764.229679, 2610410.531168 
-1798207.658893, 6332966.926934, 2135467.189601 
-2233407.058787, 6341817.295013, 1641184.726480 
-2648380.378504, 6293235.183615, 1132039.440332 
-3039369.555402, 6187660.559862, 612642.229712 
-3402833.730948, 6026049.523896, 87696.836190 
-3735481.317285, 5809865.650284, -438042.753461 
-4034299.806359, 5541066.733664, -959815.360104 
-4296583.051660, 5222087.058648, -1472895.730215 
-4519955.775502, 4855815.354569, -1972637.328510 
-4702395.079910, 4445568.634698, -2454514.417687 
-4842248.766289, 3995062.156857, -2914163.044207 
-4938250.298001, 3508375.777473, -3347420.558929 
-4989530.270306, 2989917.003763, -3750363.314708 
-4995624.283836, 2444381.078667, -4119342.199551 
-4956477.150260, 1876708.460000, -4451015.683540 
-4872443.392082, 1292040.078904, -4742380.080241 
-4744284.032028, 695670.782777, -4990796.748560 
-4573159.701110, 93001.384313, -5194015.988680 
-4360620.127767, -510510.249089, -5350197.415693 
-4108590.103289, -1109398.622621, -5457926.626411 
-3819352.050604, -1698240.110431, -5516228.008419 
-3495525.354308, -2271702.072822, -5524573.575374 
-3140042.639107, -2824591.149461, -5482887.748530 
-2756123.211519, -3351900.291250, -5391548.041188 
-2347243.905332, -3848854.104948, -5251381.639884 
-1917107.594858, -4310952.099862, -5063657.913252 
-1469609.661133, -4734009.444991, -4830076.916431 
-1008802.714743, -5114194.867508, -4552753.995098 
-538859.894751, -5448065.349351, -4234200.628575 
-64037.076107, -5732597.307737, -3877301.685477 
411365.672214, -5965213.977190, -3485289.297901 
883043.029306, -6143808.745129, -3061713.590732 
1346723.411981, -6266764.229679, -2610410.531168 
1798207.658893, -6332966.926934, -2135467.189601 
2233407.058787, -6341817.295013, -1641184.726480 
2648380.378504, -6293235.183615, -1132039.440332 
3039369.555402, -6187660.559862, -612642.229712 
3402833.730948, -6026049.523896, -87696.836190 
3735481.317285, -5809865.650284, 438042.753461 
4034299.806359, -5541066.733664, 959815.360104 
4296583.051660, -5222087.058648, 1472895.730215 
4519955.775502, -4855815.354569, 1972637.328510 
4702395.079910, -4445568.634698, 2454514.417687 
4842248.766289, -3995062.156857, 2914163.044207 
4938250.298001, -3508375.777473, 3347420.558929 
4989530.270306, -2989917.003763, 3750363.314708 
4995624.283836, -2444381.078667, 4119342.199551 
4956477.150260, -1876708.460000, 4451015.683540 
4895677.428530, 307454.268054, 4882423.106291 
4593832.163677, 848213.954565, 5106611.414554 
4250384.443377, 1381292.084154, 5284553.459069 
3868444.583369, 1901861.018731, 5414637.769125 
3451471.490171, 2405206.405412, 5495686.281066 
3003241.336685, 2886769.870430, 5526965.007019 
2527813.364590, 3342190.300474, 5508190.681995 
2029493.123223, 3767343.337606, 5439533.329192 
1512793.477859, 4158378.730085, 5321614.720226 
982393.740496, 4511755.200843, 5155502.744282 
443097.293293, 4824272.517840, 4942701.737136 
-100211.911614, 5093100.475858, 4685138.857663 
-642613.581932, 5315804.527281, 4385146.635182 
-1179195.644140, 5490367.829733, 4045441.845717 
-1705098.727992, 5615209.510913, 3669100.908445 
-2215560.173722, 5689198.985226, 3259532.025171 
-2705957.163431, 5711666.192535, 2820444.315127 
-3171848.586040, 5682407.666331, 2355814.224608 
-3609015.256680, 5601688.376357, 1869849.515664 
-4013498.126287, 5470239.329005, 1366951.159953 
-4381634.135356, 5289250.947201, 851673.482860 
-4710089.387183, 5060362.289759, 328682.918822 
-4995889.340144, 4785646.207805, -197284.248628 
-5236445.745608, 4467590.572717, -721464.779372 
-5429580.087516, 4109075.745579, -1239111.613352 
-5573543.311361, 3713348.492182, -1745536.860680 
-5667031.663893, 3283992.579815, -2236154.255895 
-5709198.500115, 2824896.322105, -2706520.691892 
-5699661.950629, 2340217.365857, -3152376.457387 
-5638508.379904, 1834345.038752, -3569683.813527 
-5526291.604146, 1311860.598920, -3954663.560273 
-5364027.875853, 777495.746359, -4303829.261422 
-5153186.680476, 236089.771919, -4614018.818315 
-4895677.428530, -307454.268054, -4882423.106291 
-4593832.163677, -848213.954565, -5106611.414554 
-4250384.443377, -1381292.084154, -5284553.459069 
-3868444.583369, -1901861.018731, -5414637.769125 
-3451471.490171, -2405206.405412, -5495686.281066 
-3003241.336685, -2886769.870430, -5526965.007019 
-2527813.364590, -3342190.300474, -5508190.681995 
-2029493.123223, -3767343.337606, -5439533.329192 
-1512793.477859, -4158378.730085, -5321614.720226 
-982393.740496, -4511755.200843, -5155502.744282 
-443097.293293, -4824272.517840, -4942701.737136 
100211.911614, -5093100.475858, -4685138.857663 
642613.581932, -5315804.527281, -4385146.635182 
1179195.644140, -5490367.829733, -4045441.845717 
1705098.727992, -5615209.510913, -3669100.908445 
2215560.173722, -5689198.985226, -3259532.025171 
2705957.163431, -5711666.192535, -2820444.315127 
3171848.586040, -5682407.666331, -2355814.224608 
3609015.256680, -5601688.376357, -1869849.515664 
4013498.126287, -5470239.329005, -1366951.159953 
4381634.135356, -5289250.947201, -851673.482860 
4710089.387183, -5060362.289759, -328682.918822 
4995889.340144, -4785646.207805, 197284.248628 
5236445.745608, -4467590.572717, 721464.779372 
5429580.087516, -4109075.745579, 1239111.613352 
5573543.311361, -3713348.492182, 1745536.860680 
5667031.663893, -3283992.579815, 2236154.255895 
5709198.500115, -2824896.322105, 2706520.691892 
5699661.950629, -2340217.365857, 3152376.457387 
5638508.379904, -1834345.038752, 3569683.813527 
5526291.604146, -1311860.598920, 3954663.560273 
5364027.875853, -777495.746359, 4303829.261422 
5153186.680476, -236089.771919, 4614018.818315 
4420532.477065, 1806704.867771, 5009486.115360 
3967815.503338, 2241553.532790, 5208850.054581 
3479165.377981, 2656102.341903, 5361041.841098 
2959007.392198, 3046597.076900, 5464683.202523 
2412052.177258, 3409501.356992, 5518835.546640 
1843253.044286, 3741528.664820, 5523008.461433 
1257761.126310, 4039672.109670, 5477164.156341 
660878.728804, 4301231.658335, 5381717.804488 
58011.311191, 4523838.587041, 5237533.782819 
-545381.465839, 4705476.932969, 5045917.844161 
-1143835.183860, 4844501.751130, 4808605.292126 
-1731930.153329, 4939654.011244, 4527745.265934 
-2304340.495134, 4990071.999708, 4205881.277476 
-2855882.372578, 4995299.123410, 3845928.176872 
-3381560.937013, 4955288.044710, 3451145.755141 
-3876615.561954, 4870401.110131, 3025109.223029 
-4336562.956057, 4741407.068899, 2571676.833343 
-4757237.764496, 4569474.111026, 2094954.940020 
-5134830.291064, 4356159.288002, 1599260.810349 
-5465920.999368, 4103394.411899, 1089083.527128 
-5747511.480683, 3813468.560575, 569043.334836 
-5977051.608005, 3489007.347437, 43849.797986 
-6152462.630395, 3132949.143473, -481740.849426 
-6272155.998472, 2748518.466918, -1002968.777105 
-6335047.750559, 2339196.781507, -1515113.664226 
-6340568.329211, 1908690.967809, -2013537.447382 
-6288667.739212, 1460899.753139, -2493726.323611 
-6179816.000343, 999878.404079, -2951331.628090 
-6014998.890806, 529802.001356, -3382209.216320 
-5795709.019869, 54927.629667, -3782456.994139 
-5523932.310560, -420444.175142, -4148450.255691 
-5202130.014844, -892008.372394, -4476874.509324 
-4833216.424144, -1355494.403694, -4764755.494140 
-4420532.477065, -1806704.867771, -5009486.115360 
-3967815.503338, -2241553.532790, -5208850.054581 
-3479165.377981, -2656102.341903, -5361041.841098 
-2959007.392198, -3046597.076900, -5464683.202523 
-2412052.177258, -3409501.356992, -5518835.546640 
-1843253.044286, -3741528.664820, -5523008.461433 
-1257761.126310, -4039672.109670, -5477164.156341 
-660878.728804, -4301231.658335, -5381717.804488 
-58011.311191, -4523838.587041, -5237533.782819 
545381.465839, -4705476.932969, -5045917.844161 
1143835.183860, -4844501.751130, -4808605.292126 
1731930.153329, -4939654.011244, -4527745.265934 
2304340.495134, -4990071.999708, -4205881.277476 
2855882.372578, -4995299.123410, -3845928.176872 
3381560.937013, -4955288.044710, -3451145.755141 
3876615.561954, -4870401.110131, -3025109.223029 
4336562.956057, -4741407.068899, -2571676.833343 
4757237.764496, -4569474.111026, -2094954.940020 
5134830.291064, -4356159.288002, -1599260.810349 
5465920.999368, -4103394.411899, -1089083.527128 
5747511.480683, -3813468.560575, -569043.334836 
5977051.608005, -3489007.347437, -43849.797986 
6152462.630395, -3132949.143473, 481740.849426 
6272155.998472, -2748518.466918, 1002968.777105 
6335047.750559, -2339196.781507, 1515113.664226 
6340568.329211, -1908690.967809, 2013537.447382 
6288667.739212, -1460899.753139, 2493726.323611 
6179816.000343, -999878.404079, 2951331.628090 
6014998.890806, -529802.001356, 3382209.216320 
5795709.019869, -54927.629667, 3782456.994139 
5523932.310560, 420444.175142, 4148450.255691 
5202130.014844, 892008.372394, 4476874.509324 
4833216.424144, 1355494.403694, 4764755.494140 
3508431.345667, 3056738.696364, 5123231.307963 
2942002.345355, 3344264.106754, 5297240.865224 
2348930.116224, 3601503.343521, 5423277.788912 
1734585.612220, 3826126.808302, 5500200.669128 
1104532.432303, 4016100.276217, 5527312.880357 
464476.435639, 4169703.318122, 5504368.890216 
-179785.931552, 4285544.881084, 5431576.483033 
-822420.129507, 4362575.885969, 5309594.878119 
-1457606.363414, 4400098.728069, 5139528.759777 
-2079592.288377, 4397773.594716, 4922918.273112 
-2682745.103545, 4355621.542678, 4661725.076232 
-3261602.563621, 4274024.307463, 4358314.575176 
-3810922.445810, 4153720.846272, 4015434.502425 
-4325730.024193, 3995800.645877, 3636190.033015 
-4801363.121622, 3801693.856068, 3224015.663588 
-5233514.331112, 3573158.337992, 2782644.109061 
-5618270.024389, 3312263.744689, 2316072.498579 
-5952145.794315, 3021372.777998, 1828526.176897 
-6232118.010215, 2703119.791558, 1324420.439002 
-6455651.200347, 2360386.933697, 808320.544521 
-6620721.013526, 1996278.046250, 284900.374016 
-6725832.551963, 1614090.555685, -241099.898393 
-6770033.909288, 1217285.611099, -764916.732787 
-6752924.791166, 809456.739518, -1281806.362799 
-6674660.140418, 394297.302356, -1787087.755896 
-6535948.733841, -24432.952234, -2276185.005539 
-6338046.763415, -442941.938226, -2744668.771296 
-6082746.460028, -857439.573433, -3188296.391637 
-5772359.862763, -1264172.103086, -3603050.306136 
-5409697.880708, -1659456.094411, -3985174.439116 
-4998044.836933, -2039711.794372, -4331208.215257 
-4541128.725149, -2401495.548466, -4638017.899095 
-4043087.448418, -2741530.986993, -4902824.974625 
-3508431.345667, -3056738.696364, -5123231.307963 
-2942002.345355, -3344264.106754, -5297240.865224 
-2348930.116224, -3601503.343521, -5423277.788912 
-1734585.612220, -3826126.808302, -5500200.669128 
-1104532.432303, -4016100.276217, -5527312.880357 
-464476.435639, -4169703.318122, -5504368.890216 
179785.931552, -4285544.881084, -5431576.483033 
822420.129507, -4362575.885969, -5309594.878119 
1457606.363414, -4400098.728069, -5139528.759777 
2079592.288377, -4397773.594716, -4922918.273112 
2682745.103545, -4355621.542678, -4661725.076232 
3261602.563621, -4274024.307463, -4358314.575176 
3810922.445810, -4153720.846272, -4015434.502425 
4325730.024193, -3995800.645877, -3636190.033015 
4801363.121622, -3801693.856068, -3224015.663588 
5233514.331112, -3573158.337992, -2782644.109061 
5618270.024389, -3312263.744689, -2316072.498579 
5952145.794315, -3021372.777998, -1828526.176897 
6232118.010215, -2703119.791558, -1324420.439002 
6455651.200347, -2360386.933697, -808320.544521 
6620721.013526, -1996278.046250, -284900.374016 
6725832.551963, -1614090.555685, 241099.898393 
6770033.909288, -1217285.611099, 764916.732787 
6752924.791166, -809456.739518, 1281806.362799 
6674660.140418, -394297.302356, 1787087.755896 
6535948.733841, 24432.952234, 2276185.005539 
6338046.763415, 442941.938226, 2744668.771296 
6082746.460028, 857439.573433, 3188296.391637 
5772359.862763, 1264172.103086, 3603050.306136 
5409697.880708, 1659456.094411, 3985174.439116 
4998044.836933, 2039711.794372, 4331208.215257 
4541128.725149, 2401495.548466, 4638017.899095 
4043087.448418, 2741530.986993, 4902824.974625 
