6889661.176128 525408.625993 395923.798076
6795928.513755 1046059.070107 788262.048926
6640650.870386 1557236.241296 1173461.676595
6425234.464404 2054310.839940 1548034.253606
6151630.140141 2532781.281499 1908587.592698
5822315.700725 2988314.463562 2251856.466998
5440273.468715 3416785.007091 2574732.180424
5008963.277725 3814312.616494 2874290.720517
4532291.139635 4177297.220181 3147819.238751
4014573.871142 4502451.573372 3392840.618506
3460500.000000 4786831.027892 3607135.908226
2875087.304986 5027860.199364 3788764.416582
2263637.374120 5223356.290288 3936081.287676
1631687.592661 5371548.857790 4047752.397113
984960.995689 5471095.847031 4122766.434031
329314.439416 5521095.745061 4160444.059696
-329314.439416 5521095.745061 4160444.059696
-984960.995689 5471095.847031 4122766.434031
-1631687.592661 5371548.857790 4047752.397113
-2263637.374120 5223356.290288 3936081.287676
-2875087.304986 5027860.199364 3788764.416582
-3460500.000000 4786831.027892 3607135.908226
-4014573.871142 4502451.573372 3392840.618506
-4532291.139635 4177297.220181 3147819.238751
-5008963.277725 3814312.616494 2874290.720517
-5440273.468715 3416785.007091 2574732.180424
-5822315.700725 2988314.463562 2251856.466998
-6151630.140141 2532781.281499 1908587.592698
-6425234.464404 2054310.839940 1548034.253606
-6640650.870386 1557236.241296 1173461.676595
-6795928.513755 1046059.070107 788262.048926
-6889661.176128 525408.625993 395923.798076
-6921000.000000 0.000000 0.000000
-6889661.176128 -525408.625993 -395923.798076
-6795928.513755 -1046059.070107 -788262.048926
-6640650.870386 -1557236.241296 -1173461.676595
-6425234.464404 -2054310.839940 -1548034.253606
-6151630.140141 -2532781.281499 -1908587.592698
-5822315.700725 -2988314.463562 -2251856.466998
-5440273.468715 -3416785.007091 -2574732.180424
-5008963.277725 -3814312.616494 -2874290.720517
-4532291.139635 -4177297.220181 -3147819.238751
-4014573.871142 -4502451.573372 -3392840.618506
-3460500.000000 -4786831.027892 -3607135.908226
-2875087.304986 -5027860.199364 -3788764.416582
-2263637.374120 -5223356.290288 -3936081.287676
-1631687.592661 -5371548.857790 -4047752.397113
-984960.995689 -5471095.847031 -4122766.434031
-329314.439416 -5521095.745061 -4160444.059696
329314.439416 -5521095.745061 -4160444.059696
984960.995689 -5471095.847031 -4122766.434031
1631687.592661 -5371548.857790 -4047752.397113
2263637.374120 -5223356.290288 -3936081.287676
2875087.304986 -5027860.199364 -3788764.416582
3460500.000000 -4786831.027892 -3607135.908226
4014573.871142 -4502451.573372 -3392840.618506
4532291.139635 -4177297.220181 -3147819.238751
5008963.277725 -3814312.616494 -2874290.720517
5440273.468715 -3416785.007091 -2574732.180424
5822315.700725 -2988314.463562 -2251856.466998
6151630.140141 -2532781.281499 -1908587.592698
6425234.464404 -2054310.839940 -1548034.253606
6640650.870386 -1557236.241296 -1173461.676595
6795928.513755 -1046059.070107 -788262.048926
6889661.176128 -525408.625993 -395923.798076
6921000.000000 0.000000 0.000000


6768214.035624 1050364.523140 -994109.720559
6717414.697642 1561443.152252 -581786.956019
6605781.411940 2058381.110381 -164195.438713
6434325.146841 2536678.050426 254883.057912
6204598.636833 2992002.441232 671653.294095
5918682.320764 3420230.794608 1082340.934039
5579165.501067 3817485.008271 1483226.726879
5189122.894637 4180167.486548 1870680.188797
4752086.787718 4504993.720751 2241192.481244
4272015.046971 4789022.034204 2591408.187523
3753255.276420 5029680.222517 2918155.699967
3200505.444880 5224788.847869 3218475.942504
2618771.340421 5372580.976337 3489649.168512
2013321.237176 5471718.179518 3729219.591265
1389638.185036 5521302.655548 3935017.623915
753370.354303 5520885.359735 4105179.527611
110279.884978 5470470.071175 4238164.289802
-533809.296062 5370513.358526 4332767.579888
-1173064.217455 5221920.445258 4388132.655826
-1801695.687641 5026037.011803 4403758.122913
-2414010.722680 4784637.008869 4379502.474500
-3004464.102796 4499906.592262 4315585.373495
-3567708.590744 4174424.324729 4212585.663063
-4098643.357221 3811137.824085 4071436.124531
-4592460.174764 3413337.069137 3893415.029978
-5044686.961805 2984624.605122 3680134.566003
-5451228.282530 2528882.918503 3433526.233516
-5808402.435786 2050239.276567 3155823.355763
-6112974.797129 1553028.350255 2849540.853009
-6362187.112092 1041752.958710 2517452.467028
-6553782.475359 521043.291052 2162565.641669
-6686025.769651 -4385.025336 1788094.286976
-6757719.379216 -529773.630254 1397429.673528
-6768214.035624 -1050364.523140 994109.720559
-6717414.697642 -1561443.152252 581786.956019
-6605781.411940 -2058381.110381 164195.438713
-6434325.146841 -2536678.050426 -254883.057912
-6204598.636833 -2992002.441232 -671653.294095
-5918682.320764 -3420230.794608 -1082340.934039
-5579165.501067 -3817485.008271 -1483226.726879
-5189122.894637 -4180167.486548 -1870680.188797
-4752086.787718 -4504993.720751 -2241192.481244
-4272015.046971 -4789022.034204 -2591408.187523
-3753255.276420 -5029680.222517 -2918155.699967
-3200505.444880 -5224788.847869 -3218475.942504
-2618771.340421 -5372580.976337 -3489649.168512
-2013321.237176 -5471718.179518 -3729219.591265
-1389638.185036 -5521302.655548 -3935017.623915
-753370.354303 -5520885.359735 -4105179.527611
-110279.884978 -5470470.071175 -4238164.289802
533809.296062 -5370513.358526 -4332767.579888
1173064.217455 -5221920.445258 -4388132.655826
1801695.687641 -5026037.011803 -4403758.122913
2414010.722680 -4784637.008869 -4379502.474500
3004464.102796 -4499906.592262 -4315585.373495
3567708.590744 -4174424.324729 -4212585.663063
4098643.357221 -3811137.824085 -4071436.124531
4592460.174764 -3413337.069137 -3893415.029978
5044686.961805 -2984624.605122 -3680134.566003
5451228.282531 -2528882.918503 -3433526.233516
5808402.435786 -2050239.276567 -3155823.355763
6112974.797129 -1553028.350255 -2849540.853009
6362187.112092 -1041752.958710 -2517452.467028
6553782.475359 -521043.291052 -2162565.641669
6686025.769651 4385.025336 -1788094.286976
6757719.379216 529773.630254 -1397429.673528


6338186.417213 1565649.080475 -2297036.546829
6337958.536560 2062450.085329 -1864623.885499
6280333.121943 2540573.222832 -1415324.901518
6165832.038040 2995688.535812 -953208.516061
5995492.224397 3423674.429517 -482459.726674
5770856.304746 3820654.997420 -7341.707292
5493958.616760 4183035.122023 467842.799729
5167306.788779 4507533.032802 938790.449908
4793859.030342 4791210.026427 1401236.268397
4376997.342180 5031497.080115 1850992.274253
3920496.888291 5226218.117100 2283985.407440
3428491.807478 5373609.713516 2696294.415093
2905437.773942 5472337.068242 3084185.362992
2356071.646006 5521506.091067 3444145.450645
1785368.568398 5520671.499704 3772914.823759
1198496.916563 5469840.852342 4067516.095978
600771.491060 5369474.479196 4325281.312561
-2394.614098 5220481.313683 4543876.111792
-605539.033260 5024210.660981 4721320.865317
-1203199.597167 4782439.978516 4856008.605972
-1789963.799202 4497358.779025 4946719.580719
-2360517.811888 4171548.801999 4992632.296925
-2909694.609735 3807960.633041 4993330.961922
-3432520.762618 3409886.982914 4948809.248491
-3924261.475937 2980932.868235 4859470.352164
-4380463.469642 2524982.963892 4726123.339820
-4796995.307835 2046166.422825 4549975.822652
-5170084.813686 1548819.481776 4332623.019853
-5496353.230858 1037446.191660 4076033.312063
-5772845.822040 516677.628180 3782530.415410
-5997058.627510 -8770.047911 3454772.337575
-6166961.141381 -534138.301090 3095727.306466
-6281014.700179 -1054669.315101 2708646.889485
-6338186.417213 -1565649.080475 2297036.546829
-6337958.536560 -2062450.085329 1864623.885499
-6280333.121943 -2540573.222832 1415324.901518
-6165832.038040 -2995688.535812 953208.516061
-5995492.224397 -3423674.429517 482459.726674
-5770856.304746 -3820654.997420 7341.707292
-5493958.616760 -4183035.122023 -467842.799729
-5167306.788779 -4507533.032802 -938790.449908
-4793859.030342 -4791210.026427 -1401236.268397
-4376997.342180 -5031497.080115 -1850992.274253
-3920496.888291 -5226218.117100 -2283985.407440
-3428491.807478 -5373609.713516 -2696294.415093
-2905437.773942 -5472337.068242 -3084185.362992
-2356071.646006 -5521506.091067 -3444145.450645
-1785368.568398 -5520671.499704 -3772914.823759
-1198496.916563 -5469840.852342 -4067516.095978
-600771.491060 -5369474.479196 -4325281.312561
2394.614098 -5220481.313683 -4543876.111792
605539.033260 -5024210.660981 -4721320.865317
1203199.597167 -4782439.978516 -4856008.605972
1789963.799202 -4497358.779025 -4946719.580719
2360517.811888 -4171548.801999 -4992632.296925
2909694.609735 -3807960.633041 -4993330.961922
3432520.762618 -3409886.982914 -4948809.248491
3924261.475937 -2980932.868235 -4859470.352164
4380463.469642 -2524982.963892 -4726123.339820
4796995.307835 -2046166.422825 -4549975.822652
5170084.813686 -1548819.481776 -4332623.019853
5496353.230858 -1037446.191660 -4076033.312063
5772845.822040 -516677.628180 -3782530.415410
5997058.627510 8770.047911 -3454772.337575
6166961.141381 534138.301090 -3095727.306466
6281014.700179 1054669.315101 -2708646.889485


5640114.981259 2066517.762223 -3437855.194245
5700311.691544 2544466.796265 -2988708.139305
5708885.496436 2999372.744980 -2512494.880644
5665758.750228 3427115.909652 -2013528.079273
5571322.015415 3823822.581944 -1496326.455814
5426430.525689 4185900.124801 -965573.868260
5232396.440819 4510069.507924 -426076.894232
4990976.963524 4793395.003183 117278.698131
4704358.425976 5033310.771016 659572.196441
4375136.490034 5227644.097081 1195892.506804
4006292.640532 5374635.068681 1721382.629436
3601167.184487 5472952.512816 2231283.644414
3163429.000765 5521706.051488 2720977.809185
2697042.314143 5520454.165100 3186030.377562
2206230.794677 5469208.190930 3622229.761471
1695439.307491 5368432.220454 4025625.671743
1169293.659391 5219038.896468 4392564.892549
632558.706842 5022381.148048 4719724.365483
90095.204690 4780239.938215 5004141.283695
-453184.213588 4494808.135264 5243239.923532
-992359.525449 4168670.653801 5434854.970685
-1522547.875778 3804781.045363 5577251.129616
-2038947.796772 3406434.750594 5669138.838659
-2536882.690779 2977239.255223 5709685.948490
-3011843.182292 2521081.420120 5698525.258205
-3459527.955551 2042092.281278 5635757.840744
-3875882.707923 1544609.638510 5521952.127558
-4257136.866298 1033138.771668 5358138.760809
-4599837.733977 512311.640123 5145801.259715
-4900881.758834 -13155.064967 4886862.585565
-5157542.639563 -538502.635753 4583667.727091
-5367496.015484 -1058973.443279 4238962.463882
-5528840.516310 -1569854.023317 3855868.500180
-5640114.981259 -2066517.762223 3437855.194245
-5700311.691544 -2544466.796265 2988708.139305
-5708885.496436 -2999372.744980 2512494.880644
-5665758.750228 -3427115.909652 2013528.079273
-5571322.015415 -3823822.581944 1496326.455814
-5426430.525689 -4185900.124801 965573.868260
-5232396.440819 -4510069.507924 426076.894232
-4990976.963524 -4793395.003183 -117278.698131
-4704358.425976 -5033310.771016 -659572.196441
-4375136.490034 -5227644.097081 -1195892.506804
-4006292.640532 -5374635.068681 -1721382.629436
-3601167.184487 -5472952.512816 -2231283.644414
-3163429.000765 -5521706.051488 -2720977.809185
-2697042.314143 -5520454.165100 -3186030.377562
-2206230.794677 -5469208.190930 -3622229.761471
-1695439.307491 -5368432.220454 -4025625.671743
-1169293.659391 -5219038.896468 -4392564.892549
-632558.706842 -5022381.148048 -4719724.365483
-90095.204690 -4780239.938215 -5004141.283695
453184.213588 -4494808.135264 -5243239.923532
992359.525449 -4168670.653801 -5434854.970685
1522547.875778 -3804781.045363 -5577251.129616
2038947.796772 -3406434.750594 -5669138.838659
2536882.690779 -2977239.255223 -5709685.948490
3011843.182292 -2521081.420120 -5698525.258205
3459527.955551 -2042092.281278 -5635757.840744
3875882.707923 -1544609.638510 -5521952.127558
4257136.866298 -1033138.771668 -5358138.760809
4599837.733977 -512311.640123 -5145801.259715
4900881.758834 13155.064967 -4886862.585565
5157542.639563 538502.635753 -4583667.727091
5367496.015484 1058973.443279 -4238962.463882
5528840.516310 1569854.023317 -3855868.500180


4733818.832494 2548358.768275 -4358562.589809
4864990.845294 3003055.066419 -3900482.706443
4952104.747636 3430555.232846 -3407079.447684
4994371.622532 3826987.759851 -2882821.149846
4991408.694616 4188762.493078 -2332455.577260
4943242.796623 4512603.144523 -1760966.925777
4850310.126384 4795576.963096 -1173530.685121
4713452.296551 5035121.294079 -575466.768855
4533908.712824 5229066.786914 27808.663583
4313305.349701 5375657.041186 630832.256458
4053640.025399 5473564.512852 1228142.934731
3757264.309306 5521902.536687 1814331.360404
3426862.225800 5520233.356062 2384088.920322
3065425.947315 5468572.087336 2932255.801791
2676228.696759 5367386.582957 3453867.720649
2262795.104700 5217593.194522 3944200.878584
1828869.289770 5020548.474154 4398814.742588
1378380.951345 4778036.889352 4813592.259109
915409.781577 4492254.662584 5184777.138729
444148.519072 4165789.881948 5509007.873698
-31135.021199 3801599.063052 5783348.180272
-506136.597898 3402980.374350 6005313.590152
-976554.523188 2973543.768412 6172893.950213
-1438128.619493 2517178.289644 6284571.626765
-1886678.800321 2038016.854489 6339335.249475
-2318142.925773 1540398.823106 6336688.870496
-2728613.589916 1028830.701444 6276656.455844
-3114373.506853 507945.329631 6159781.668364
-3471929.175039 -17540.073744 5987122.944230
-3798042.514974 -542866.631495 5760243.907584
-4089760.193752 -1063276.904966 5481199.210115
-4344440.370901 -1574057.978134 5152515.923815
-4559776.623297 -2070584.138502 4777170.655421
-4733818.832494 -2548358.768275 4358562.589809
-4864990.845294 -3003055.066419 3900482.706443
-4952104.747636 -3430555.232846 3407079.447684
-4994371.622532 -3826987.759851 2882821.149846
-4991408.694616 -4188762.493078 2332455.577260
-4943242.796623 -4512603.144523 1760966.925777
-4850310.126384 -4795576.963096 1173530.685121
-4713452.296551 -5035121.294079 575466.768855
-4533908.712824 -5229066.786914 -27808.663583
-4313305.349701 -5375657.041186 -630832.256458
-4053640.025399 -5473564.512852 -1228142.934731
-3757264.309306 -5521902.536687 -1814331.360404
-3426862.225800 -5520233.356062 -2384088.920322
-3065425.947315 -5468572.087336 -2932255.801791
-2676228.696759 -5367386.582957 -3453867.720649
-2262795.104700 -5217593.194522 -3944200.878584
-1828869.289770 -5020548.474154 -4398814.742588
-1378380.951345 -4778036.889352 -4813592.259109
-915409.781577 -4492254.662584 -5184777.138729
-444148.519072 -4165789.881948 -5509007.873698
31135.021199 -3801599.063052 -5783348.180272
506136.597898 -3402980.374350 -6005313.590152
976554.523188 -2973543.768412 -6172893.950213
1438128.619493 -2517178.289644 -6284571.626765
1886678.800321 -2038016.854489 -6339335.249475
2318142.925773 -1540398.823106 -6336688.870496
2728613.589916 -1028830.701444 -6276656.455844
3114373.506853 -507945.329631 -6159781.668364
3471929.175039 17540.073744 -5987122.944230
3798042.514974 542866.631495 -5760243.907584
4089760.193752 1063276.904966 -5481199.210115
4344440.370901 1574057.978134 -5152515.923815
4559776.623297 2070584.138502 -4777170.655421


3691607.436124 3006735.497810 -5023128.226888
3903168.216674 3433992.396936 -4568721.384604
4079381.301432 3830150.529148 -4072939.493977
4218650.877417 4191622.225054 -3540272.432582
4319715.697782 4515133.941002 -2975544.115812
4381660.503863 4797755.904795 -2383868.810756
4403924.313904 5036928.648162 -1770604.820598
4386305.503394 5230486.185704 -1141305.959000
4328963.631009 5376675.630388 -501671.253902
4232417.993625 5474173.067964 142506.663758
4097542.923485 5522095.546540 785394.019002
3925559.870109 5520009.072728 1421168.724390
3718026.338662 5467932.541960 2044073.105736
3476821.784941 5366337.567361 2648466.044504
3204130.594736 5216144.208754 3228874.064647
2902422.301694 5018712.640453 3780040.901258
2574429.222836 4775830.833313 4296975.102113
2223121.714276 4489698.362591 4774995.231040
1851681.271213 4162906.488251 5209772.263729
1463471.715818 3798414.688110 5597368.792044
1062008.733940 3399523.856355 5934274.681805
650928.036511 2969846.410128 6217438.861101
233952.433985 2513273.574918 6444296.951278
-185141.878012 2033940.145024 6612794.490340
-602559.516491 1536187.038213 6721405.538480
-1014520.282681 1024521.983700 6769146.497229
-1417293.396088 503578.699451 6755585.017070
-1807231.281027 -21925.071481 6680843.912869
-2180802.599628 -547230.285571 6545600.051639
-2534624.232181 -1067579.697454 6351078.222729
-2865491.915192 -1578260.942278 6099040.045946
-3170409.259686 -2074649.211609 5791768.018047
-3446614.886974 -2552249.136412 5432044.842099
-3691607.436124 -3006735.497810 5023128.226888
-3903168.216674 -3433992.396936 4568721.384604
-4079381.301432 -3830150.529148 4072939.493977
-4218650.877417 -4191622.225054 3540272.432582
-4319715.697782 -4515133.941002 2975544.115812
-4381660.503863 -4797755.904795 2383868.810756
-4403924.313904 -5036928.648162 1770604.820598
-4386305.503394 -5230486.185704 1141305.959000
-4328963.631009 -5376675.630388 501671.253902
-4232417.993625 -5474173.067964 -142506.663758
-4097542.923485 -5522095.546540 -785394.019002
-3925559.870109 -5520009.072728 -1421168.724390
-3718026.338662 -5467932.541960 -2044073.105736
-3476821.784941 -5366337.567361 -2648466.044504
-3204130.594736 -5216144.208754 -3228874.064647
-2902422.301694 -5018712.640453 -3780040.901258
-2574429.222836 -4775830.833313 -4296975.102113
-2223121.714276 -4489698.362591 -4774995.231040
-1851681.271213 -4162906.488251 -5209772.263729
-1463471.715818 -3798414.688110 -5597368.792044
-1062008.733940 -3399523.856355 -5934274.681805
-650928.036511 -2969846.410128 -6217438.861101
-233952.433985 -2513273.574918 -6444296.951278
185141.878012 -2033940.145024 -6612794.490340
602559.516491 -1536187.038213 -6721405.538480
1014520.282681 -1024521.983700 -6769146.497229
1417293.396088 -503578.699451 -6755585.017070
1807231.281027 21925.071481 -6680843.912869
2180802.599628 547230.285571 -6545600.051639
2534624.232181 1067579.697454 -6351078.222729
2865491.915192 1578260.942278 -6099040.045946
3170409.259686 2074649.211609 -5791768.018047
3446614.886974 2552249.136412 -5432044.842099


2590287.339021 3437427.399757 -5419847.356956
2888606.944838 3833310.887845 -4986172.736214
3160766.878852 4194479.318929 -4507342.563044
3404302.418553 4517661.895770 -3987693.197644
3617008.068383 4799931.826906 -3431930.665137
3796957.533037 5038732.832130 -2845088.037079
3942521.162300 5231902.292559 -2232479.851184
4052380.709401 5377690.835646 -1599653.982048
4125541.269272 5474778.177769 -952341.398739
4161340.288553 5522285.080925 -296404.264249
4159453.565781 5519781.315240 362217.153157
4119898.187410 5467289.555205 1017558.275934
4043032.373071 5365285.174328 1663684.233391
3929552.231483 5214691.940077 2294743.608803
3780485.456381 5016873.648102 2905021.430743
3597182.019563 4773621.771487 3488990.928753
3381301.945338 4487139.236896 4041363.584628
3134800.277089 4160020.474525 4557137.026061
2859909.372095 3795227.922542 5031640.328895
2559118.684959 3396065.198786 5460576.317742
2235152.222722 2966147.182697 5840060.481865
1890943.875835 2509367.278402 6166656.153908
1529610.848389 2029862.155448 6437405.632891
1154425.428233 1531974.286483 6649856.969605
768785.352632 1020212.621148 6802086.171847
376183.037828 499211.752331 6892714.628387
-19826.048820 -26310.055419 6920921.593890
-415655.587699 -551593.595234 6886451.621707
-807720.885211 -1071881.818033 6789616.877245
-1192471.337307 -1582462.913104 6631294.310944
-1566422.584314 -2078712.978983 6412917.716481
-1926188.065831 -2556137.898228 6136464.746114
-2268509.689946 -3010414.036838 5804439.000750
-2590287.339021 -3437427.399757 5419847.356956
-2888606.944838 -3833310.887845 4986172.736214
-3160766.878852 -4194479.318929 4507342.563044
-3404302.418553 -4517661.895770 3987693.197644
-3617008.068383 -4799931.826906 3431930.665137
-3796957.533037 -5038732.832130 2845088.037079
-3942521.162300 -5231902.292559 2232479.851184
-4052380.709401 -5377690.835646 1599653.982048
-4125541.269272 -5474778.177769 952341.398739
-4161340.288553 -5522285.080925 296404.264249
-4159453.565781 -5519781.315240 -362217.153157
-4119898.187410 -5467289.555205 -1017558.275934
-4043032.373071 -5365285.174328 -1663684.233391
-3929552.231483 -5214691.940077 -2294743.608803
-3780485.456381 -5016873.648102 -2905021.430743
-3597182.019563 -4773621.771487 -3488990.928753
-3381301.945338 -4487139.236896 -4041363.584628
-3134800.277089 -4160020.474525 -4557137.026061
-2859909.372095 -3795227.922542 -5031640.328895
-2559118.684959 -3396065.198786 -5460576.317742
-2235152.222722 -2966147.182697 -5840060.481865
-1890943.875835 -2509367.278402 -6166656.153908
-1529610.848389 -2029862.155448 -6437405.632891
-1154425.428233 -1531974.286483 -6649856.969605
-768785.352632 -1020212.621148 -6802086.171847
-376183.037828 -499211.752331 -6892714.628387
19826.048820 26310.055419 -6920921.593890
415655.587699 551593.595234 -6886451.621707
807720.885211 1071881.818033 -6789616.877245
1192471.337307 1582462.913104 -6631294.310944
1566422.584314 2078712.978983 -6412917.716481
1926188.065831 2556137.898228 -6136464.746114
2268509.689946 3010414.036838 -5804439.000750


1502948.131803 3836468.833952 -5560835.800419
1889636.721536 4197333.772904 -5168355.953246
2259212.468502 4520187.007236 -4729070.674221
2608328.437505 4802104.728062 -4246958.198856
2933822.980269 5040533.844846 -3726384.612383
3232748.367809 5233315.106585 -3172064.309817
3502397.485528 5378702.656320 -2589017.301654
3740328.349257 5475379.841887 -1982523.751888
3944386.220252 5522471.139722 -1358076.160023
4112723.118832 5519550.083740 -721329.620151
4243814.559978 5466643.127476 -78050.607537
4336473.359297 5364229.404519 565935.243465
4389860.384355 5213236.389404 1204795.897265
4403492.153986 5015031.498256 1832745.732852
4377245.216772 4771409.705263 2444097.939274
4311357.269043 4484577.287108 3033316.016281
4206425.002254 4157131.842588 3595063.913723
4063398.699265 3792038.768353 4124254.355654
3883573.628421 3392604.403820 4616094.911483
3668578.313413 2962446.088448 5066131.396973
3420359.785105 2505459.402553 5470288.212023
3141165.948927 2025782.888329 5824905.249930
2833525.227494 1527760.570567 6126771.043884
2500223.662819 1015902.616499 6373151.850511
2144279.685484 494844.491020 6561816.407073
1768916.779267 -30695.022799 6691056.138130
1377534.288774 -555956.557738 6759700.628664
973676.634445 -1076183.263998 6767128.223540
561001.213737 -1586663.887968 6713271.657307
143245.279164 -2082775.438068 6598618.663370
-275807.906839 -2560025.051274 6424207.556997
-692363.333727 -3014090.681187 6191617.832174
-1102648.611051 -3440860.239148 5902955.857467
-1502948.131803 -3836468.833952 5560835.800419
-1889636.721536 -4197333.772904 5168355.953246
-2259212.468502 -4520187.007236 4729070.674221
-2608328.437505 -4802104.728062 4246958.198856
-2933822.980269 -5040533.844846 3726384.612383
-3232748.367809 -5233315.106585 3172064.309817
-3502397.485528 -5378702.656320 2589017.301654
-3740328.349257 -5475379.841887 1982523.751888
-3944386.220252 -5522471.139722 1358076.160023
-4112723.118832 -5519550.083740 721329.620151
-4243814.559978 -5466643.127476 78050.607537
-4336473.359297 -5364229.404519 -565935.243465
-4389860.384355 -5213236.389404 -1204795.897265
-4403492.153986 -5015031.498256 -1832745.732852
-4377245.216772 -4771409.705263 -2444097.939274
-4311357.269043 -4484577.287108 -3033316.016281
-4206425.002254 -4157131.842588 -3595063.913723
-4063398.699265 -3792038.768353 -4124254.355654
-3883573.628421 -3392604.403820 -4616094.911483
-3668578.313413 -2962446.088448 -5066131.396973
-3420359.785105 -2505459.402553 -5470288.212023
-3141165.948927 -2025782.888329 -5824905.249930
-2833525.227494 -1527760.570567 -6126771.043884
-2500223.662819 -1015902.616499 -6373151.850511
-2144279.685484 -494844.491020 -6561816.407073
-1768916.779267 30695.022799 -6691056.138130
-1377534.288774 555956.557738 -6759700.628664
-973676.634445 1076183.263998 -6767128.223540
-561001.213737 1586663.887968 -6713271.657307
-143245.279164 2082775.438068 -6598618.663370
275807.906839 2560025.051274 -6424207.556997
692363.333727 3014090.681187 -6191617.832174
1102648.611051 3440860.239148 -5902955.857467


491526.480260 4200185.585184 -5478784.880721
962149.847640 4522709.273810 -5149719.360827
1424059.837006 4804274.606894 -4774017.184948
1873073.319968 5042331.685177 -4355080.770167
2305123.960892 5234724.626895 -3896704.069531
2716299.042268 5379711.091775 -3403038.213421
3102874.898888 5475978.059939 -2878553.916277
3461350.639932 5522653.722816 -2328000.989112
3788479.853578 5519315.378375 -1756365.324490
4081300.007008 5465993.259180 -1168823.743510
4337159.275571 5363170.258600 -570697.113711
4553740.558108 5211777.557651 32597.837524
4729082.460986 5013186.192076 635597.577695
4861597.060782 4769194.636034 1232841.247777
4950084.284758 4482012.514841 1818920.116609
4993742.778911 4154240.594256 2388526.563199
4992177.165159 3788847.227550 2936502.143359
4945401.621941 3389141.473633 3457884.305381
4853839.755821 2958743.129710 3947951.331667
4718320.765236 2501549.949831 4402265.099337
4540071.931151 2021702.346232 4816711.272561
4320707.502610 1523545.893117 5187536.562613
4062214.077848 1011591.972467 5511382.718245
3766932.613347 490476.918266 5785316.938522
3437537.223775 -35079.970859 6006858.432725
3077010.964790 -560319.170336 6174000.886777
2688618.818020 -1080484.032639 6285230.632730
2275878.122891 -1590863.864226 6339540.356780
1842526.723053 -2086836.586306 6336438.221658
1392489.115889 -2563910.593106 6275952.320779
929840.911658 -3017765.428544 6158630.423827
458771.924143 -3444290.912948 5985535.016070
-16451.772960 -3839624.365483 5758233.676324
-491526.480260 -4200185.585184 5478784.880721
-962149.847640 -4522709.273810 5149719.360827
-1424059.837006 -4804274.606894 4774017.184948
-1873073.319968 -5042331.685177 4355080.770167
-2305123.960892 -5234724.626895 3896704.069531
-2716299.042268 -5379711.091775 3403038.213421
-3102874.898888 -5475978.059939 2878553.916277
-3461350.639932 -5522653.722816 2328000.989112
-3788479.853578 -5519315.378375 1756365.324490
-4081300.007008 -5465993.259180 1168823.743510
-4337159.275571 -5363170.258600 570697.113711
-4553740.558108 -5211777.557651 -32597.837524
-4729082.460986 -5013186.192076 -635597.577695
-4861597.060782 -4769194.636034 -1232841.247777
-4950084.284758 -4482012.514841 -1818920.116609
-4993742.778911 -4154240.594256 -2388526.563199
-4992177.165159 -3788847.227550 -2936502.143359
-4945401.621941 -3389141.473633 -3457884.305381
-4853839.755821 -2958743.129710 -3947951.331667
-4718320.765236 -2501549.949831 -4402265.099337
-4540071.931151 -2021702.346232 -4816711.272561
-4320707.502610 -1523545.893117 -5187536.562613
-4062214.077848 -1011591.972467 -5511382.718245
-3766932.613347 -490476.918266 -5785316.938522
-3437537.223775 35079.970859 -6006858.432725
-3077010.964790 560319.170336 -6174000.886777
-2688618.818020 1080484.032639 -6285230.632730
-2275878.122891 1590863.864226 -6339540.356780
-1842526.723053 2086836.586306 -6336438.221658
-1392489.115889 2563910.593106 -6275952.320779
-929840.911658 3017765.428544 -6158630.423827
-458771.924143 3444290.912948 -5985535.016070
16451.772960 3839624.365483 -5758233.676324


-398959.921059 4525228.693904 -5221434.405338
144459.534335 4806441.462036 -4977699.560536
686570.741816 5044126.351992 -4688885.897697
1222464.258340 5236130.852602 -4357608.958077
1747286.949238 5380716.141375 -3986868.836940
2256285.938950 5476572.831548 -3580023.014234
2744851.653804 5522832.830090 -3140755.948731
3208559.567030 5519077.199291 -2673045.710997
3643210.267960 5465339.950725 -2181127.957374
4044867.492538 5362107.737237 -1669457.571213
4409893.770740 5210315.445737 -1142668.318765
4734983.368065 5011337.730723 -605530.885075
5017192.222779 4766976.565195 -62909.669922
5253964.607792 4479444.921707 480281.264944
5443156.275720 4151346.731350 1019122.698302
5583053.877522 3785653.302142 1548734.798688
5672390.478852 3385676.410406 2064321.316910
5710357.033614 2955038.308813 2561213.021618
5696609.710808 2497638.922696 3034909.984589
5631273.008320 2017620.531727 3481122.332771
5514938.625444 1519330.256786 3895809.098043
5348660.104367 1007280.691765 4275214.812843
5133943.289124 486109.036818 4615903.520263
4872732.688444 -39464.896842 4914789.890614
4567393.865977 -564681.430284 5169167.162641
4220692.017380 -1084784.121252 5376731.656379
3835766.928284 -1595062.839234 5535603.635628
3416104.539902 -2090896.421142 5644344.331144
2965505.379810 -2567794.521277 5701968.970349
2488050.143778 -3021438.276595 5707955.695586
1988062.740360 -3447719.418998 5662250.290145
1470071.132907 -3842777.480451 5565266.669256
938766.333627 -4203034.753972 5417883.131607
398959.921059 -4525228.693904 5221434.405338
-144459.534335 -4806441.462036 4977699.560536
-686570.741816 -5044126.351992 4688885.897697
-1222464.258340 -5236130.852602 4357608.958077
-1747286.949238 -5380716.141375 3986868.836940
-2256285.938950 -5476572.831548 3580023.014234
-2744851.653804 -5522832.830090 3140755.948731
-3208559.567030 -5519077.199291 2673045.710997
-3643210.267960 -5465339.950725 2181127.957374
-4044867.492538 -5362107.737237 1669457.571213
-4409893.770740 -5210315.445737 1142668.318765
-4734983.368065 -5011337.730723 605530.885075
-5017192.222779 -4766976.565195 62909.669922
-5253964.607792 -4479444.921707 -480281.264944
-5443156.275720 -4151346.731350 -1019122.698302
-5583053.877522 -3785653.302142 -1548734.798688
-5672390.478852 -3385676.410406 -2064321.316910
-5710357.033614 -2955038.308813 -2561213.021618
-5696609.710808 -2497638.922696 -3034909.984589
-5631273.008320 -2017620.531727 -3481122.332771
-5514938.625444 -1519330.256786 -3895809.098043
-5348660.104367 -1007280.691765 -4275214.812843
-5133943.289124 -486109.036818 -4615903.520263
-4872732.688444 39464.896842 -4914789.890614
-4567393.865977 564681.430284 -5169167.162641
-4220692.017380 1084784.121252 -5376731.656379
-3835766.928284 1595062.839234 -5535603.635628
-3416104.539902 2090896.421142 -5644344.331144
-2965505.379810 2567794.521277 -5701968.970349
-2488050.143778 3021438.276595 -5707955.695586
-1988062.740360 3447719.418998 -5662250.290145
-1470071.132907 3842777.480451 -5565266.669256
-938766.333627 4203034.753972 -5417883.131607


-1143835.183860 4808605.292126 -4844501.751130
-545381.465839 5045917.844161 -4705476.932969
58011.311191 5237533.782819 -4523838.587041
660878.728804 5381717.804488 -4301231.658335
1257761.126310 5477164.156341 -4039672.109670
1843253.044286 5523008.461433 -3741528.664820
2412052.177258 5518835.546640 -3409501.356992
2959007.392198 5464683.202523 -3046597.076900
3479165.377981 5361041.841098 -2656102.341903
3967815.503338 5208850.054581 -2241553.532790
4420532.477065 5009486.115360 -1806704.867771
4833216.424144 4764755.494140 -1355494.403694
5202130.014844 4476874.509324 -892008.372394
5523932.310560 4148450.255691 -420444.175142
5795709.019869 3782456.994139 54927.629667
6014998.890806 3382209.216320 529802.001356
6179816.000343 2951331.628090 999878.404079
6288667.739212 2493726.323611 1460899.753139
6340568.329211 2013537.447382 1908690.967809
6335047.750559 1515113.664226 2339196.781507
6272155.998472 1002968.777105 2748518.466918
6152462.630395 481740.849426 3132949.143473
5977051.608005 -43849.797986 3489007.347436
5747511.480683 -569043.334836 3813468.560575
5465920.999368 -1089083.527128 4103394.411899
5134830.291064 -1599260.810349 4356159.288002
4757237.764496 -2094954.940020 4569474.111026
4336562.956057 -2571676.833343 4741407.068899
3876615.561954 -3025109.223029 4870401.110131
3381560.937013 -3451145.755141 4955288.044710
2855882.372578 -3845928.176872 4995299.123410
2304340.495134 -4205881.277476 4990071.999708
1731930.153329 -4527745.265934 4939654.011244
1143835.183860 -4808605.292126 4844501.751130
545381.465839 -5045917.844161 4705476.932969
-58011.311191 -5237533.782819 4523838.587041
-660878.728804 -5381717.804488 4301231.658335
-1257761.126310 -5477164.156341 4039672.109670
-1843253.044286 -5523008.461433 3741528.664820
-2412052.177258 -5518835.546640 3409501.356992
-2959007.392198 -5464683.202523 3046597.076900
-3479165.377981 -5361041.841098 2656102.341903
-3967815.503338 -5208850.054581 2241553.532790
-4420532.477065 -5009486.115360 1806704.867771
-4833216.424144 -4764755.494140 1355494.403694
-5202130.014844 -4476874.509324 892008.372394
-5523932.310560 -4148450.255691 420444.175142
-5795709.019869 -3782456.994139 -54927.629667
-6014998.890806 -3382209.216320 -529802.001356
-6179816.000343 -2951331.628090 -999878.404079
-6288667.739212 -2493726.323611 -1460899.753139
-6340568.329211 -2013537.447382 -1908690.967809
-6335047.750559 -1515113.664226 -2339196.781507
-6272155.998472 -1002968.777105 -2748518.466918
-6152462.630395 -481740.849426 -3132949.143473
-5977051.608005 43849.797986 -3489007.347436
-5747511.480683 569043.334836 -3813468.560575
-5465920.999368 1089083.527128 -4103394.411899
-5134830.291064 1599260.810349 -4356159.288002
-4757237.764496 2094954.940020 -4569474.111026
-4336562.956057 2571676.833343 -4741407.068899
-3876615.561954 3025109.223029 -4870401.110131
-3381560.937013 3451145.755141 -4955288.044710
-2855882.372578 3845928.176872 -4995299.123410
-2304340.495134 4205881.277476 -4990071.999708
-1731930.153329 4527745.265934 -4939654.011244


-1739473.836163 5047706.160556 -4403990.723196
-1109521.841461 5238933.416665 -4384378.968460
-469521.845149 5382716.080484 -4325061.598848
174730.213700 5477752.033944 -4226575.801644
817399.888676 5523180.616733 -4089813.479480
1452667.063682 5518590.420572 -3916013.173122
2074778.660809 5464023.014987 -3706748.845058
2678100.741096 5359972.570854 -3463915.625450
3257169.526358 5207381.385107 -3189712.649536
3806740.880004 5007631.347153 -2886623.141930
4321837.798752 4762531.424268 -2557391.928145
4797795.485141 4474301.279309 -2205000.577037
5230303.592660 4145551.169102 -1832640.399251
5615445.260911 3779258.305553 -1443683.546217
5949732.587306 3378739.893557 -1041652.471429
6230138.214052 2947623.089873 -630188.030557
6454122.744370 2489812.155037 -213016.509292
6619657.739670 2009453.095768 206084.122467
6725244.089400 1510896.118092 623318.424501
6769925.587227 998656.231203 1034907.858359
6753297.590587 477372.358838 1437125.006392
6675510.685192 -48234.671532 1826327.327822
6537269.321304 -573404.881246 2198990.146159
6339825.434121 -1093382.247563 2551738.569209
6084967.106060 -1603457.774931 2881378.052631
5775002.373606 -2099012.140387 3184923.330215
5412738.325376 -2575557.526860 3459625.448923
5001455.680688 -3028778.265535 3702996.663830
4544879.078861 -3454569.919219 3912832.967526
4047143.348304 -3849076.452762 4087234.049950
3512756.060869 -4208725.153904 4224620.507895
2946556.710583 -4530258.988315 4323748.148321
2353672.886440 -4810766.095800 4383719.255967
1739473.836163 -5047706.160556 4403990.723196
1109521.841461 -5238933.416665 4384378.968460
469521.845149 -5382716.080484 4325061.598848
-174730.213700 -5477752.033944 4226575.801644
-817399.888676 -5523180.616733 4089813.479480
-1452667.063682 -5518590.420572 3916013.173122
-2074778.660809 -5464023.014987 3706748.845058
-2678100.741096 -5359972.570854 3463915.625450
-3257169.526358 -5207381.385107 3189712.649536
-3806740.880004 -5007631.347153 2886623.141930
-4321837.798752 -4762531.424268 2557391.928145
-4797795.485141 -4474301.279309 2205000.577037
-5230303.592660 -4145551.169102 1832640.399251
-5615445.260911 -3779258.305553 1443683.546217
-5949732.587306 -3378739.893557 1041652.471429
-6230138.214052 -2947623.089873 630188.030557
-6454122.744370 -2489812.155037 213016.509292
-6619657.739670 -2009453.095768 -206084.122467
-6725244.089400 -1510896.118092 -623318.424501
-6769925.587227 -998656.231203 -1034907.858359
-6753297.590587 -477372.358838 -1437125.006392
-6675510.685192 48234.671532 -1826327.327822
-6537269.321304 573404.881246 -2198990.146159
-6339825.434121 1093382.247563 -2551738.569209
-6084967.106060 1603457.774931 -2881378.052631
-5775002.373606 2099012.140387 -3184923.330215
-5412738.325376 2575557.526860 -3459625.448923
-5001455.680688 3028778.265535 -3702996.663830
-4544879.078861 3454569.919219 -3912832.967526
-4047143.348304 3849076.452762 -4087234.049950
-3512756.060869 4208725.153904 -4224620.507895
-2946556.710583 4530258.988315 -4323748.148321
-2353672.886440 4810766.095800 -4383719.255967


-2201271.745944 5240329.753258 -3948871.709442
-1567584.127354 5383710.968733 -4056917.205072
-919700.224160 5478336.463988 -4128222.630264
-263487.373317 5523349.295883 -4162142.232045
395111.659981 5518341.821243 -4158368.829249
1050132.500902 5463359.388533 -4116936.594396
1695643.179277 5358899.927179 -4038220.744221
2325797.850444 5205909.438237 -3922934.141652
2934889.736119 5005773.427269 -3772120.840015
3517402.805864 4760304.356979 -3587146.627924
4068061.731116 4471725.233282 -3369686.660486
4581879.659376 4142649.473408 -3121710.288843
5054203.375920 3776057.238398 -2845463.225414
5480755.444028 3375268.444299 -2543447.206386
5857672.942119 2943912.696497 -2218397.335594
6181542.446963 2485896.419438 -1873257.315004
6449430.946172 2005367.479454 -1511152.786087
6658912.400014 1506677.621038 -1135363.023533
6808089.712003 994343.056771 -749291.237621
6895611.909301 473003.567804 -356433.754232
6920686.377336 -52619.514720 39651.648432
6883086.037844 -577766.066770 435377.959627
6783151.405320 -1097680.279850 827161.420599
6621787.503274 -1607653.730336 1211453.979657
6400455.668188 -2103068.019688 1584775.423878
6121160.315436 -2579436.599386 1943744.896451
5786430.786982 -3032445.401805 2285111.514246
5399298.445271 -3457991.909079 2605783.808309
4963269.220737 -3852222.306140 2902857.720688
4482291.861559 -4211566.381467 3173642.904031
3960722.173182 -4532769.859465 3415687.085784
3403283.571472 -4812923.871699 3626798.276355
2815024.306728 -5049491.300052 3805064.620113
2201271.745944 -5240329.753258 3948871.709442
1567584.127354 -5383710.968733 4056917.205072
919700.224160 -5478336.463988 4128222.630264
263487.373317 -5523349.295883 4162142.232045
-395111.659981 -5518341.821243 4158368.829249
-1050132.500902 -5463359.388533 4116936.594396
-1695643.179277 -5358899.927179 4038220.744221
-2325797.850444 -5205909.438237 3922934.141652
-2934889.736119 -5005773.427269 3772120.840015
-3517402.805864 -4760304.356979 3587146.627924
-4068061.731116 -4471725.233282 3369686.660486
-4581879.659376 -4142649.473408 3121710.288843
-5054203.375920 -3776057.238398 2845463.225414
-5480755.444028 -3375268.444299 2543447.206386
-5857672.942119 -2943912.696497 2218397.335594
-6181542.446963 -2485896.419438 1873257.315004
-6449430.946172 -2005367.479454 1511152.786087
-6658912.400014 -1506677.621038 1135363.023533
-6808089.712003 -994343.056771 749291.237621
-6895611.909301 -473003.567804 356433.754232
-6920686.377336 52619.514720 -39651.648432
-6883086.037844 577766.066770 -435377.959627
-6783151.405320 1097680.279850 -827161.420599
-6621787.503274 1607653.730336 -1211453.979657
-6400455.668188 2103068.019688 -1584775.423878
-6121160.315436 2579436.599386 -1943744.896451
-5786430.786982 3032445.401805 -2285111.514246
-5399298.445271 3457991.909079 -2605783.808309
-4963269.220737 3852222.306140 -2902857.720688
-4482291.861559 4211566.381467 -3173642.904031
-3960722.173182 4532769.859465 -3415687.085784
-3403283.571472 4812923.871699 -3626798.276355
-2815024.306728 5049491.300052 -3805064.620113


-2559204.602353 5384702.468611 -3515066.447143
-1951681.347665 5478917.446105 -3751352.360942
-1326483.364466 5523514.498776 -3953665.446849
-689272.542508 5518089.748808 -4120173.526230
-45819.561668 5462692.323578 -4249368.676132
598048.368217 5357823.910747 -4340080.885272
1236500.279470 5204434.214900 -4391488.649837
1863754.252715 5003912.356877 -4403126.413150
2474129.778838 4758074.293675 -4374888.781825
3062099.202556 4469146.372863 -4307031.480223
3622337.781717 4139745.170434 -4200169.034576
4149771.908994 3772853.794687 -4055269.207740
4639625.059255 3371794.870733 -3873644.234984
5087461.046516 2940200.450296 -3656938.940188
5489224.198727 2481979.119278 -3407115.840058
5841276.086567 2001280.601013 -3126437.371276
6140428.473622 1502458.175719 -2817445.401519
6383972.189552 990029.256525 -2482938.209913
6569701.664751 468634.479073 -2125945.145386
6695934.904330 -57004.324791 -1749699.192412
6761528.720525 -582126.888662 -1357607.692603
6765889.085577 -1101977.621285 -953221.487300
6708976.511347 -1611848.673924 -540202.760597
6591306.406920 -2107122.575372 -122291.874042
6413944.410982 -2583314.048480 296726.506661
6178496.741235 -3036110.629530 713057.686171
5887095.648235 -3461411.722565 1122931.304856
5542380.105405 -3855365.735027 1522635.483753
5147471.910082 -4214404.958376 1908550.439924
4705947.412036 -4535277.877804 2277181.267764
4221805.125492 -4815078.618466 2625189.589413
3699429.517969 -5051273.261525 2949423.787620
3143551.303861 -5241722.791719 3246947.547276
2559204.602353 -5384702.468611 3515066.447143
1951681.347665 -5478917.446105 3751352.360942
1326483.364466 -5523514.498776 3953665.446849
689272.542508 -5518089.748808 4120173.526230
45819.561668 -5462692.323578 4249368.676132
-598048.368217 -5357823.910747 4340080.885272
-1236500.279470 -5204434.214900 4391488.649837
-1863754.252715 -5003912.356877 4403126.413150
-2474129.778838 -4758074.293675 4374888.781825
-3062099.202556 -4469146.372863 4307031.480223
-3622337.781717 -4139745.170434 4200169.034576
-4149771.908994 -3772853.794687 4055269.207740
-4639625.059255 -3371794.870733 3873644.234984
-5087461.046516 -2940200.450296 3656938.940188
-5489224.198727 -2481979.119278 3407115.840058
-5841276.086567 -2001280.601013 3126437.371276
-6140428.473622 -1502458.175719 2817445.401519
-6383972.189552 -990029.256525 2482938.209913
-6569701.664751 -468634.479073 2125945.145386
-6695934.904330 57004.324791 1749699.192412
-6761528.720525 582126.888662 1357607.692603
-6765889.085577 1101977.621285 953221.487300
-6708976.511347 1611848.673924 540202.760597
-6591306.406920 2107122.575372 122291.874042
-6413944.410982 2583314.048480 -296726.506661
-6178496.741235 3036110.629530 -713057.686171
-5887095.648235 3461411.722565 -1122931.304856
-5542380.105405 3855365.735027 -1522635.483753
-5147471.910082 4214404.958376 -1908550.439924
-4705947.412036 4535277.877804 -2277181.267764
-4221805.125492 4815078.618466 -2625189.589413
-3699429.517969 5051273.261525 -2949423.787620
-3143551.303861 5241722.791719 -3246947.547276


-2851604.837918 5479494.979930 -3121494.131548
-2299877.585650 5523676.225308 -3478477.403836
-1727322.285821 5517834.203427 -3803959.046099
-1139124.087889 5462021.820542 -4094991.446183
-540609.805820 5356744.522235 -4348938.969605
62800.322366 5202955.716023 -4563501.828269
665641.721108 5002048.137149 -4736736.907700
1262454.965347 4755841.235758 -4867075.364193
1847835.221923 4466564.699676 -4953336.832503
2416481.196585 4136838.262009 -4994740.115414
2963243.143330 3769647.976436 -4990910.258386
3483169.501299 3368319.175045 -4941881.945196
3971551.736882 2936486.353606 -4848099.183841
4423966.984926 2478060.257024 -4710411.285530
4836318.102886 1997192.463016 -4530065.173192
5204870.775184 1498237.784791 -4308694.089148
5526287.331748 985714.833179 -4048302.804215
5797656.974468 464265.095396 -3751249.462192
6016522.137839 -61389.098985 -3420224.224144
6180900.745048 -586487.344178 -3058224.905887
6289304.157973 -1106274.269163 -2668529.829304
6340750.658521 -1616042.603056 -2254668.133356
6334774.339216 -2111175.804885 -1820387.813647
6271429.322531 -2587189.871701 -1369621.780004
6151289.270746 -3039773.946403 -906452.239431
5975442.190775 -3464829.357526 -435073.727009
5745480.581004 -3858506.737444 40244.880457
5463487.009382 -4217240.882844 515199.024054
5132015.253360 -4537783.041753 985487.445508
4754067.172492 -4817230.334743 1446851.140049
4333065.523125 -5053052.043855 1895111.926616
3872822.961388 -5243112.531173 2326210.286110
3377507.515192 -5385690.579492 2736242.125030
2851604.837918 -5479494.979930 3121494.131548
2299877.585650 -5523676.225308 3478477.403836
1727322.285821 -5517834.203427 3803959.046099
1139124.087889 -5462021.820542 4094991.446183
540609.805820 -5356744.522235 4348938.969605
-62800.322366 -5202955.716023 4563501.828269
-665641.721108 -5002048.137149 4736736.907700
-1262454.965347 -4755841.235758 4867075.364193
-1847835.221923 -4466564.699676 4953336.832503
-2416481.196585 -4136838.262009 4994740.115414
-2963243.143330 -3769647.976436 4990910.258386
-3483169.501299 -3368319.175045 4941881.945196
-3971551.736882 -2936486.353606 4848099.183841
-4423966.984926 -2478060.257024 4710411.285530
-4836318.102886 -1997192.463016 4530065.173192
-5204870.775184 -1498237.784791 4308694.089148
-5526287.331748 -985714.833179 4048302.804215
-5797656.974468 -464265.095396 3751249.462192
-6016522.137839 61389.098985 3420224.224144
-6180900.745048 586487.344178 3058224.905887
-6289304.157973 1106274.269163 2668529.829304
-6340750.658521 1616042.603056 2254668.133356
-6334774.339216 2111175.804885 1820387.813647
-6271429.322531 2587189.871701 1369621.780004
-6151289.270746 3039773.946403 906452.239431
-5975442.190775 3464829.357526 435073.727009
-5745480.581004 3858506.737444 -40244.880457
-5463487.009382 4217240.882844 -515199.024054
-5132015.253360 4537783.041753 -985487.445508
-4754067.172492 4817230.334743 -1446851.140049
-4333065.523125 5053052.043855 -1895111.926616
-3872822.961388 5243112.531173 -2326210.286110
-3377507.515192 5385690.579492 -2736242.125030


-3118011.735171 5523834.475377 -2768663.307081
-2648988.543448 5517575.185260 -3231016.058717
-2155975.701271 5461347.879847 -3664108.228590
-1643438.009281 5355661.762324 -4064017.666944
-1116017.088186 5201473.942537 -4427122.731977
-578489.343522 5000180.769257 -4750135.087993
-35722.709781 4753605.184635 -5030129.485075
507367.434352 4463980.215346 -5264570.250605
1045862.780431 4133928.749963 -5451334.252707
1574886.631215 3766439.785665 -5588730.127657
2089648.064789 3364841.359421 -5675513.597134
2585485.321898 2932770.408767 -5710898.736601
3057908.023560 2474139.835140 -5694565.092754
3502637.836632 1993103.068037 -5626660.585603
3915647.219059 1494016.450910 -5507800.168878
4293195.893916 981399.789449 -5339060.260919
4631864.721941 459895.419521 -5121968.996464
4928586.665782 -65773.834542 -4858492.387621
5180674.565566 -590847.430574 -4551016.519359
5385845.474238 -1110570.220780 -4202325.940755
5542241.332277 -1620235.515091 -3815578.447686
5648445.794572 -2115227.705678 -3394276.485337
5703497.057069 -2591064.066610 -2942235.429520
5706896.567009 -3043435.350119 -2463549.034038
5658613.537903 -3468244.811810 -1962552.357013
5559085.228339 -3861645.311414 -1443782.501934
5409212.982103 -4220074.153088 -911937.528942
5210354.065463 -4540285.349736 -371833.908472
4964309.375562 -4819379.019177 171637.097454
4673307.131215 -5054827.645920 713553.731247
4339982.693807 -5244498.970743 1249008.311952
3967354.701062 -5386675.300756 1773151.679971
3558797.729784 -5480069.065098 2281237.111797
3118011.735171 -5523834.475377 2768663.307081
2648988.543448 -5517575.185260 3231016.058717
2155975.701271 -5461347.879847 3664108.228590
1643438.009281 -5355661.762324 4064017.666944
1116017.088186 -5201473.942537 4427122.731977
578489.343522 -5000180.769257 4750135.087993
35722.709781 -4753605.184635 5030129.485075
-507367.434352 -4463980.215346 5264570.250605
-1045862.780431 -4133928.749963 5451334.252707
-1574886.631215 -3766439.785665 5588730.127657
-2089648.064789 -3364841.359421 5675513.597134
-2585485.321898 -2932770.408767 5710898.736601
-3057908.023560 -2474139.835140 5694565.092754
-3502637.836632 -1993103.068037 5626660.585603
-3915647.219059 -1494016.450910 5507800.168878
-4293195.893916 -981399.789449 5339060.260919
-4631864.721941 -459895.419521 5121968.996464
-4928586.665782 65773.834542 4858492.387621
-5180674.565566 590847.430574 4551016.519359
-5385845.474238 1110570.220780 4202325.940755
-5542241.332277 1620235.515091 3815578.447686
-5648445.794572 2115227.705678 3394276.485337
-5703497.057069 2591064.066610 2942235.429520
-5706896.567009 3043435.350119 2463549.034038
-5658613.537903 3468244.811810 1962552.357013
-5559085.228339 3861645.311414 1443782.501934
-5409212.982103 4220074.153088 911937.528942
-5210354.065463 4540285.349736 371833.908472
-4964309.375562 4819379.019177 -171637.097454
-4673307.131215 5054827.645920 -713553.731247
-4339982.693807 5244498.970743 -1249008.311952
-3967354.701062 5386675.300756 -1773151.679971
-3558797.729784 5480069.065098 -2281237.111797


-3392063.237572 5517312.694470 -2439960.783241
-3027699.178360 5460670.501918 -2985691.939039
-2635915.806538 5354575.631694 -3504384.206292
-2220261.172990 5199988.895374 -3991340.227505
-1784499.510444 4998310.254379 -4442150.053544
-1332577.143994 4751366.141712 -4852731.080814
-868586.752574 4461392.921499 -5219365.023952
-396730.305019 4131016.636125 -5538731.589194
78718.993614 3763229.224391 -5807938.543471
553455.400851 3361361.426050 -6024547.906916
1023179.630273 2929052.618115 -6186598.031593
1483637.786520 2470217.856096 -6292621.366476
1930659.889226 1989012.418649 -6341657.747829
2360197.637004 1489794.176732 -6333263.094587
2768361.069496 977084.128051 -6267513.430030
3151453.795451 455525.454201 -6145004.193303
3506006.467820 -70158.528703 -5966844.847024
3828808.202698 -595207.145106 -5734648.829821
4116935.657587 -1114865.473433 -5450518.944783
4367779.505637 -1624427.407391 -5117028.316147
4579068.066117 -2119278.275199 -4737197.086689
4748887.877104 -2594936.630769 -4314465.066841
4875701.024093 -3047094.838374 -3852660.583236
4958359.067586 -3471658.083269 -3355965.808790
4996113.443542 -3864781.454962 -2828878.888295
4988622.242486 -4222904.767323 -2276173.202525
4935953.305895 -4542784.800178 -1702854.139759
4838583.611815 -4821524.670415 -1114113.766210
4697394.955272 -5056600.066605 -515283.805869
4513665.962606 -5245882.109558 88212.644411
4289060.512023 -5387656.631782 690910.227324
4025612.665266 -5480639.701249 1287350.820227
3725708.246831 -5523989.248884 1872132.964752
3392063.237572 -5517312.694470 2439960.783241
3027699.178360 -5460670.501918 2985691.939039
2635915.806538 -5354575.631694 3504384.206292
2220261.172990 -5199988.895374 3991340.227505
1784499.510444 -4998310.254379 4442150.053544
1332577.143994 -4751366.141712 4852731.080814
868586.752574 -4461392.921499 5219365.023952
396730.305019 -4131016.636125 5538731.589194
-78718.993614 -3763229.224391 5807938.543471
-553455.400851 -3361361.426050 6024547.906916
-1023179.630273 -2929052.618115 6186598.031593
-1483637.786520 -2470217.856096 6292621.366476
-1930659.889225 -1989012.418649 6341657.747829
-2360197.637004 -1489794.176732 6333263.094587
-2768361.069496 -977084.128051 6267513.430030
-3151453.795451 -455525.454201 6145004.193303
-3506006.467820 70158.528703 5966844.847024
-3828808.202698 595207.145106 5734648.829821
-4116935.657587 1114865.473433 5450518.944783
-4367779.505637 1624427.407391 5117028.316147
-4579068.066117 2119278.275199 4737197.086689
-4748887.877104 2594936.630769 4314465.066841
-4875701.024093 3047094.838374 3852660.583236
-4958359.067586 3471658.083269 3355965.808790
-4996113.443542 3864781.454962 2828878.888295
-4988622.242486 4222904.767323 2276173.202525
-4935953.305895 4542784.800178 1702854.139759
-4838583.611815 4821524.670415 1114113.766210
-4697394.955272 5056600.066605 515283.805869
-4513665.962606 5245882.109558 -88212.644411
-4289060.512023 5387656.631782 -690910.227324
-4025612.665266 5480639.701249 -1287350.820227
-3725708.246831 5523989.248884 -1872132.964752


-3695387.365973 5459989.687180 -2105437.206686
-3450930.982459 5353486.131029 -2707674.758752
-3175222.433577 5198500.575469 -3285391.188909
-2870758.578642 4996436.593689 -3833354.607703
-2540296.689470 4749124.108399 -4346602.573561
-2186829.480104 4458802.819764 -4820487.033424
-1813558.004328 4128101.922330 -5250716.416242
-1423862.666427 3760016.294636 -5633394.498101
-1021272.607729 3357879.377124 -5965055.687032
-609433.746148 2925332.983992 -6242696.407949
-192075.758188 2466294.322358 -6463802.303491
227021.697582 1984920.517426 -6626371.004428
644063.209703 1485570.964916 -6728930.263430
1055271.985662 972767.851701 -6770551.287966
1456924.055105 451155.202184 -6750857.151592
1845381.994696 -74543.178707 -6670026.207457
2217127.869177 -599566.485029 -6528790.473108
2568795.090345 -1119160.024417 -6328429.001227
2897198.905387 -1628618.277317 -6070756.296329
3199365.238499 -2123327.510900 -5758105.882331
3472557.624578 -2598807.561739 -5393309.169799
3714301.991069 -3050752.408864 -4979669.814250
3922409.063555 -3475069.169753 -4520933.797742
4094994.192162 -3867915.166114 -4021255.504678
4230494.419239 -4225732.723768 -3485160.099057
4327682.633747 -4545281.391505 -2917502.543889
4385678.684166 -4823667.287107 -2323423.633896
4403957.349282 -5058369.304793 -1708303.439684
4382353.094673 -5247261.946747 -1077712.584985
4321061.571814 -5388634.571953 -437361.798228
4220637.846228 -5481206.888024 206949.804700
4081991.370725 -5524140.545731 849387.238151
3906377.749257 -5517046.731222 1484132.489242
3695387.365973 -5459989.687180 2105437.206686
3450930.982459 -5353486.131029 2707674.758752
3175222.433577 -5198500.575469 3285391.188909
2870758.578642 -4996436.593689 3833354.607703
2540296.689470 -4749124.108399 4346602.573561
2186829.480104 -4458802.819764 4820487.033424
1813558.004328 -4128101.922330 5250716.416242
1423862.666427 -3760016.294636 5633394.498101
1021272.607729 -3357879.377124 5965055.687032
609433.746148 -2925332.983992 6242696.407949
192075.758188 -2466294.322358 6463802.303491
-227021.697582 -1984920.517426 6626371.004428
-644063.209703 -1485570.964916 6728930.263430
-1055271.985662 -972767.851701 6770551.287966
-1456924.055105 -451155.202184 6750857.151592
-1845381.994696 74543.178707 6670026.207457
-2217127.869177 599566.485029 6528790.473108
-2568795.090345 1119160.024417 6328429.001227
-2897198.905387 1628618.277317 6070756.296329
-3199365.238499 2123327.510900 5758105.882331
-3472557.624578 2598807.561739 5393309.169799
-3714301.991069 3050752.408864 4979669.814250
-3922409.063555 3475069.169753 4520933.797742
-4094994.192162 3867915.166114 4021255.504678
-4230494.419239 4225732.723768 3485160.099057
-4327682.633747 4545281.391505 2917502.543889
-4385678.684166 4823667.287107 2323423.633896
-4403957.349282 5058369.304793 1708303.439684
-4382353.094673 5247261.946747 1077712.584985
-4321061.571814 5388634.571953 437361.798228
-4220637.846228 5481206.888024 -206949.804700
-4081991.370725 5524140.545731 -849387.238151
-3906377.749257 5517046.731222 -1484132.489242


-4033317.619581 5352393.261015 -1727563.706210
-3916227.168132 5197008.983759 -2356799.395434
-3763670.757005 4994559.788368 -2964691.544373
-3577029.960685 4746879.086108 -3545734.987592
-3357995.027123 4456209.911771 -4094667.705694
-3108549.570598 4125184.610412 -4606518.478977
-2830952.607790 3756800.998421 -5076651.907578
-2527718.099782 3354395.214832 -5500810.390365
-2201592.185236 2921611.508738 -5875152.682435
-1855528.310936 2462369.236397 -6196288.682023
-1492660.484916 1980827.366945 -6461310.131787
-1116274.894400 1481346.818118 -6667816.956440
-729780.145581 968450.963115 -6813938.998198
-336676.394755 446784.666221 -6898352.953223
59476.349638 -78927.781797 -6920294.355668
455090.466999 -603925.447600 -6879564.500794
846583.214618 -1123453.871029 -6776532.244474
1230409.173548 -1632808.122232 -6612130.662776
1603092.356470 -2127375.410233 -6387848.601882
1961257.686766 -2602676.857086 -6105717.194867
2301661.563743 -3054408.059287 -5768291.467441
2621221.237177 -3478478.069117 -5378627.199244
2917042.725181 -3871046.442897 -4940253.250229
3186447.022551 -4228558.020644 -4457139.602764
3426994.362251 -4547775.122147 -3933661.408850
3636506.310323 -4825806.867904 -3374559.368076
3813085.494122 -5060135.359371 -2784896.795101
3955132.785215 -5248638.481441 -2170013.765497
4061361.781338 -5389609.120652 -1535478.755198
4130810.456252 -5481770.625065 -887038.211517
4162849.872002 -5524288.365824 -230564.512432
4157189.874678 -5516777.295685 427997.214582
4113881.722092 -5459305.436062 1082682.932543
4033317.619581 -5352393.261015 1727563.706210
3916227.168132 -5197008.983759 2356799.395434
3763670.757005 -4994559.788368 2964691.544373
3577029.960685 -4746879.086108 3545734.987592
3357995.027123 -4456209.911771 4094667.705694
3108549.570598 -4125184.610412 4606518.478977
2830952.607790 -3756800.998421 5076651.907578
2527718.099782 -3354395.214832 5500810.390365
2201592.185236 -2921611.508738 5875152.682435
1855528.310936 -2462369.236397 6196288.682023
1492660.484916 -1980827.366945 6461310.131787
1116274.894400 -1481346.818118 6667816.956440
729780.145581 -968450.963115 6813938.998198
336676.394755 -446784.666221 6898352.953223
-59476.349638 78927.781797 6920294.355668
-455090.466999 603925.447600 6879564.500794
-846583.214618 1123453.871029 6776532.244474
-1230409.173548 1632808.122232 6612130.662776
-1603092.356470 2127375.410233 6387848.601882
-1961257.686766 2602676.857086 6105717.194867
-2301661.563743 3054408.059287 5768291.467441
-2621221.237177 3478478.069117 5378627.199244
-2917042.725181 3871046.442897 4940253.250229
-3186447.022551 4228558.020644 4457139.602764
-3426994.362251 4547775.122147 3933661.408850
-3636506.310323 4825806.867904 3374559.368076
-3813085.494122 5060135.359371 2784896.795101
-3955132.785215 5248638.481441 2170013.765497
-4061361.781338 5389609.120652 1535478.755198
-4130810.456252 5481770.625065 887038.211517
-4162849.872002 5524288.365824 230564.512432
-4157189.874678 5516777.295685 -427997.214582
-4113881.722092 5459305.436062 -1082682.932543


-4393017.415379 5195514.121182 -1268176.645730
-4402660.908693 4992679.839597 -1894720.544657
-4372433.223048 4744631.076250 -2504105.560927
-4302608.105048 4453614.199152 -3090813.009467
-4193817.901773 4122264.702206 -3649529.576769
-4047047.834151 3753583.337770 -4175195.439080
-3863627.074642 3350908.941369 -4663050.084949
-3645216.710047 2917888.194695 -5108675.427158
-3393794.698451 2458442.600683 -5508035.813601
-3111637.956523 1976732.969780 -5857514.574776
-2801301.739412 1477121.738998 -6153946.776902
-2465596.499957 964133.465010 -6394647.884055
-2107562.436790 442413.849063 -6577438.069734
-1730441.961833 -83312.335210 -6700661.957712
-1337650.336503 -608284.030075 -6763203.613378
-932744.742585 -1127747.010569 -6764496.649813
-519392.067840 -1636996.939498 -6704529.357079
-101335.698098 -2131421.970648 -6583844.808266
317638.383417 -2606544.514374 -6403535.941335
733735.882545 -3058061.787343 -6165235.661307
1143188.555899 -3481884.779214 -5871102.052421
1542288.336664 -3874175.283341 -5523798.834184
1927420.915422 -4231380.656172 -5126471.238325
2295098.471902 -4550265.990534 -4682717.525077
2641991.261216 -4827943.411460 -4196556.396785
2964957.768545 -5061898.229227 -3672390.603911
3261073.159188 -5250011.712775 -3114967.073044
3527655.766311 -5390580.277268 -2529333.918000
3762291.376543 -5482330.912018 -1920794.723317
3962855.093465 -5524432.709069 -1294860.514177
4127530.580996 -5516504.388026 -657199.847706
4254826.512423 -5458617.748994 -13587.477645
4343590.076076 -5351297.022340 630147.942718
4393017.415379 -5195514.121182 1268176.645730
4402660.908693 -4992679.839597 1894720.544657
4372433.223048 -4744631.076250 2504105.560927
4302608.105048 -4453614.199152 3090813.009467
4193817.901773 -4122264.702206 3649529.576769
4047047.834151 -3753583.337770 4175195.439080
3863627.074642 -3350908.941369 4663050.084949
3645216.710047 -2917888.194695 5108675.427158
3393794.698451 -2458442.600683 5508035.813601
3111637.956523 -1976732.969780 5857514.574776
2801301.739412 -1477121.738998 6153946.776902
2465596.499957 -964133.465010 6394647.884055
2107562.436790 -442413.849063 6577438.069734
1730441.961833 83312.335211 6700661.957712
1337650.336503 608284.030075 6763203.613378
932744.742585 1127747.010569 6764496.649813
519392.067840 1636996.939498 6704529.357079
101335.698098 2131421.970648 6583844.808266
-317638.383417 2606544.514374 6403535.941335
-733735.882545 3058061.787343 6165235.661307
-1143188.555899 3481884.779214 5871102.052421
-1542288.336664 3874175.283341 5523798.834184
-1927420.915422 4231380.656172 5126471.238325
-2295098.471902 4550265.990534 4682717.525077
-2641991.261216 4827943.411460 4196556.396785
-2964957.768545 5061898.229227 3672390.603911
-3261073.159188 5250011.712775 3114967.073044
-3527655.766311 5390580.277268 2529333.918000
-3762291.376543 5482330.912018 1920794.723317
-3962855.093465 5524432.709069 1294860.514177
-4127530.580996 5516504.388026 657199.847706
-4254826.512423 5458617.748994 13587.477645
-4343590.076076 5351297.022340 -630147.942718


-4744284.032028 4990796.748560 -695670.782777
-4872443.392082 4742380.080241 -1292040.078904
-4956477.150260 4451015.683540 -1876708.460000
-4995624.283836 4119342.199551 -2444381.078667
-4989530.270306 3750363.314708 -2989917.003763
-4938250.298001 3347420.558929 -3508375.777473
-4842248.766289 2914163.044207 -3995062.156857
-4702395.079910 2454514.417687 -4445568.634698
-4519955.775502 1972637.328510 -4855815.354569
-4296583.051660 1472895.730215 -5222087.058648
-4034299.806359 959815.360104 -5541066.733664
-3735481.317285 438042.753461 -5809865.650284
-3402833.730948 -87696.836190 -6026049.523896
-3039369.555402 -612642.229712 -6187660.559862
-2648380.378504 -1132039.440332 -6293235.183615
-2233407.058787 -1641184.726480 -6341817.295013
-1798207.658893 -2135467.189601 -6332966.926934
-1346723.411981 -2610410.531168 -6266764.229679
-883043.029306 -3061713.590732 -6143808.745129
-411365.672214 -3485289.297901 -5965213.977190
64037.076107 -3877301.685477 -5732597.307737
538859.894751 -4234200.628575 -5448065.349351
1008802.714743 -4552753.995098 -5114194.867508
1469609.661133 -4830076.916431 -4734009.444991
1917107.594858 -5063657.913252 -4310952.099862
2347243.905332 -5251381.639884 -3848854.104948
2756123.211519 -5391548.041188 -3351900.291250
3140042.639107 -5482887.748530 -2824591.149461
3495525.354308 -5524573.575374 -2271702.072822
3819352.050604 -5516228.008419 -1698240.110431
4108590.103289 -5457926.626411 -1109398.622621
4360620.127767 -5350197.415693 -510510.249089
4573159.701110 -5194015.988680 93001.384313
4744284.032028 -4990796.748560 695670.782777
4872443.392082 -4742380.080241 1292040.078904
4956477.150260 -4451015.683540 1876708.460000
4995624.283836 -4119342.199551 2444381.078667
4989530.270306 -3750363.314708 2989917.003763
4938250.298001 -3347420.558929 3508375.777473
4842248.766289 -2914163.044207 3995062.156857
4702395.079910 -2454514.417687 4445568.634698
4519955.775502 -1972637.328510 4855815.354569
4296583.051660 -1472895.730215 5222087.058648
4034299.806359 -959815.360104 5541066.733664
3735481.317285 -438042.753461 5809865.650284
3402833.730948 87696.836190 6026049.523896
3039369.555402 612642.229712 6187660.559862
2648380.378504 1132039.440332 6293235.183615
2233407.058787 1641184.726480 6341817.295013
1798207.658893 2135467.189601 6332966.926934
1346723.411981 2610410.531168 6266764.229679
883043.029306 3061713.590732 6143808.745129
411365.672214 3485289.297901 5965213.977190
-64037.076107 3877301.685477 5732597.307737
-538859.894751 4234200.628575 5448065.349351
-1008802.714743 4552753.995098 5114194.867508
-1469609.661133 4830076.916431 4734009.444991
-1917107.594858 5063657.913252 4310952.099862
-2347243.905332 5251381.639884 3848854.104948
-2756123.211519 5391548.041188 3351900.291250
-3140042.639107 5482887.748530 2824591.149461
-3495525.354308 5524573.575374 2271702.072822
-3819352.050604 5516228.008419 1698240.110431
-4108590.103289 5457926.626411 1109398.622621
-4360620.127767 5350197.415693 510510.249089
-4573159.701110 5194015.988680 -93001.384313


-5042952.777457 4740126.099497 8534.940254
-5275056.611675 4448414.366570 -534442.108106
-5459388.716354 4116417.104286 -1072579.165975
-5594279.751412 3747140.931262 -1601002.780824
-5678508.122744 3343930.069706 -2114927.466568
-5711311.045179 2910436.059618 -2609699.041671
-5692391.450370 2450584.689882 -3080836.778130
-5621920.677097 1968540.445711 -3524073.979647
-5500536.919597 1468668.794429 -3935396.621488
-5329339.447974 955496.651115 -4311079.702113
-5109878.653042 433671.382166 -4647720.977369
-4844142.005743 -92081.281975 -4942271.771737
-4534536.058306 -617000.043767 -5192064.587610
-4183864.650135 -1136331.157619 -5394837.262567
-3795303.515805 -1645371.480542 -5548753.455862
-3372371.525118 -2139511.064544 -5652419.278616
-2918898.815675 -2614274.905035 -5704895.917083
-2438992.106555 -3065363.467156 -5705708.134701
-1936997.507231 -3488691.623034 -5654848.575899
-1417461.158530 -3880425.647337 -5552777.832720
-885088.062077 -4237017.936079 -5400420.273618
-344699.471076 -4555239.134274 -5199155.672243
198810.771714 -4832207.381472 -4950806.711991
740520.553369 -5065414.410338 -4657622.479504
1275524.066220 -5252748.261905 -4322258.096591
1798976.235607 -5392512.411804 -3947750.675038
2306136.597626 -5483441.134250 -3537491.812047
2792412.229503 -5524710.964653 -3095196.875412
3253399.343814 -5515948.157037 -2624871.356571
3684923.169866 -5457232.068746 -2130774.596253
4083075.761068 -5349094.441766 -1617381.211232
4444251.385897 -5192514.587194 -1089340.571505
4765179.181966 -4988910.516440 -551434.694874
5042952.777457 -4740126.099497 -8534.940254
5275056.611675 -4448414.366570 534442.108106
5459388.716354 -4116417.104286 1072579.165975
5594279.751412 -3747140.931262 1601002.780824
5678508.122744 -3343930.069706 2114927.466568
5711311.045179 -2910436.059618 2609699.041671
5692391.450370 -2450584.689882 3080836.778130
5621920.677097 -1968540.445711 3524073.979647
5500536.919597 -1468668.794429 3935396.621488
5329339.447974 -955496.651115 4311079.702113
5109878.653042 -433671.382166 4647720.977369
4844142.005743 92081.281975 4942271.771737
4534536.058306 617000.043767 5192064.587610
4183864.650135 1136331.157619 5394837.262567
3795303.515805 1645371.480542 5548753.455862
3372371.525118 2139511.064544 5652419.278616
2918898.815675 2614274.905035 5704895.917083
2438992.106555 3065363.467156 5705708.134701
1936997.507231 3488691.623034 5654848.575899
1417461.158530 3880425.647337 5552777.832720
885088.062077 4237017.936079 5400420.273618
344699.471076 4555239.134274 5199155.672243
-198810.771714 4832207.381472 4950806.711991
-740520.553369 5065414.410338 4657622.479504
-1275524.066220 5252748.261905 4322258.096591
-1798976.235607 5392512.411804 3947750.675038
-2306136.597626 5483441.134250 3537491.812047
-2792412.229503 5524710.964653 3095196.875412
-3253399.343814 5515948.157037 2624871.356571
-3684923.169866 5457232.068746 2130774.596253
-4083075.761068 5349094.441766 1617381.211232
-4444251.385897 5192514.587194 1089340.571505
-4765179.181966 4988910.516440 551434.694874


-5236481.775551 4445810.249881 845145.452793
-5553405.374287 4113489.418252 373007.445998
-5820036.473988 3743916.189460 -102508.573990
-6033960.422126 3340437.475898 -577096.260458
-6193239.890299 2906707.243274 -1046457.673825
-6296432.418979 2446653.419740 -1506342.204450
-6342603.480645 1964442.323963 -1952585.066809
-6331334.943015 1464440.934299 -2381145.016438
-6262728.855709 951177.340760 -2788140.948068
-6137406.526078 429299.737930 -3169887.043519
-5956502.892546 -96465.669806 -3522926.151034
-5721656.246432 -621357.469498 -3844061.093786
-5434993.395330 -1140622.159727 -4130383.624006
-5099110.402410 -1649557.199048 -4379300.760521
-4717049.076070 -2143553.592933 -4588558.271197
-4292269.422843 -2618137.633544 -4756261.087614
-3828618.313048 -3069011.414317 -4880890.467096
-3330294.642935 -3492091.752473 -4961317.746683
-2801811.308826 -3883547.166955 -4996814.564477
-2247954.337633 -4239832.576911 -4987059.455799
-1673739.543854 -4557721.406497 -4932140.764425
-1084367.105581 -4834334.805244 -4832555.842527
-485174.470882 -5067167.719380 -4689206.546579
118411.978957 -5254111.577979 -4503391.070004
720926.071578 -5393473.388508 -4276792.186531
1316911.346057 -5483991.068831 -4011462.010740
1900970.467457 -5524844.876818 -3709803.413789
2467814.105931 -5515664.834056 -3374548.262645
3012308.837711 -5456534.076436 -3008732.679874
3529523.634189 -5347988.101255 -2615669.548039
4014774.518076 -5191009.917671 -2198918.507731
4463666.982224 -4987021.144426 -1762253.720906
4872135.786965 -4737869.135438 -1309629.691493
5236481.775551 -4445810.249881 -845145.452793
5553405.374287 -4113489.418252 -373007.445998
5820036.473988 -3743916.189460 102508.573990
6033960.422126 -3340437.475898 577096.260458
6193239.890299 -2906707.243274 1046457.673825
6296432.418979 -2446653.419740 1506342.204450
6342603.480645 -1964442.323963 1952585.066809
6331334.943015 -1464440.934299 2381145.016438
6262728.855709 -951177.340760 2788140.948068
6137406.526078 -429299.737930 3169887.043519
5956502.892546 96465.669806 3522926.151034
5721656.246432 621357.469498 3844061.093786
5434993.395330 1140622.159727 4130383.624006
5099110.402410 1649557.199048 4379300.760521
4717049.076070 2143553.592933 4588558.271197
4292269.422843 2618137.633544 4756261.087614
3828618.313048 3069011.414317 4880890.467096
3330294.642935 3492091.752473 4961317.746683
2801811.308826 3883547.166955 4996814.564477
2247954.337633 4239832.576911 4987059.455799
1673739.543854 4557721.406497 4932140.764425
1084367.105581 4834334.805244 4832555.842527
485174.470882 5067167.719380 4689206.546579
-118411.978957 5254111.577979 4503391.070004
-720926.071578 5393473.388508 4276792.186531
-1316911.346057 5483991.068831 4011462.010740
-1900970.467456 5524844.876818 3709803.413789
-2467814.105931 5515664.834056 3374548.262645
-3012308.837711 5456534.076436 3008732.679874
-3529523.634189 5347988.101255 2615669.548039
-4014774.518076 5191009.917671 2198918.507731
-4463666.982224 4987021.144426 1762253.720906
-4872135.786965 4737869.135438 1309629.691493


-5271010.271973 4110559.143290 1794434.518803
-5651216.096929 3740689.091332 1404009.525538
-5980243.633799 3336942.779702 1000869.604595
-6255113.158257 2902976.597521 588665.653523
-6473335.409327 2442720.609736 171130.655136
-6632934.132508 1960342.965844 -247954.128964
-6732463.977051 1460212.152488 -664793.402075
-6771023.585269 946857.431758 -1075612.203192
-6748263.755380 424927.823502 -1476690.093634
-6664390.603928 -100849.996925 -1864394.849916
-6520163.699161 -625714.504163 -2235215.357729
-6316889.182261 -1144912.443957 -2585793.409131
-6056407.938732 -1653741.879364 -2912954.115000
-5741078.927053 -2147594.772224 -3213734.657321
-5373757.815582 -2621998.714263 -3485411.120927
-4957771.121186 -3072657.429919 -3725523.161692
-4496886.083786 -3495489.684077 -3931896.287793
-3995276.549652 -3886666.242366 -4102661.552243
-3457485.172400 -4242644.549299 -4236272.478362
-2888382.274023 -4560200.810204 -4331519.064915
-2293121.738494 -4836459.186407 -4387538.744064
-1677094.337403 -5068917.839274 -4403824.192919
-1045878.910288 -5255471.587247 -4380227.927934
-405191.841804 -5394430.970696 -4316963.640538
239164.706746 -5484537.551926 -4214604.261916
881355.342676 -5524975.311784 -4074076.774450
1515564.288141 -5515378.039655 -3896653.816828
2136048.048722 -5455832.649922 -3683942.158829
2737187.427399 -5346878.394854 -3437868.150167
3313538.412869 -5189501.981058 -3160660.275171
3859881.481358 -4985128.633707 -2854828.971282
4371268.865434 -4735609.189483 -2523143.894148
4843069.361757 -4443203.335111 -2168608.835190
5271010.271973 -4110559.143290 -1794434.518803
5651216.096929 -3740689.091332 -1404009.525538
5980243.633799 -3336942.779702 -1000869.604595
6255113.158257 -2902976.597521 -588665.653523
6473335.409327 -2442720.609736 -171130.655136
6632934.132508 -1960342.965844 247954.128964
6732463.977051 -1460212.152488 664793.402075
6771023.585269 -946857.431758 1075612.203192
6748263.755380 -424927.823502 1476690.093634
6664390.603928 100849.996925 1864394.849916
6520163.699161 625714.504163 2235215.357729
6316889.182261 1144912.443957 2585793.409131
6056407.938732 1653741.879364 2912954.115000
5741078.927053 2147594.772224 3213734.657321
5373757.815582 2621998.714263 3485411.120927
4957771.121186 3072657.429919 3725523.161692
4496886.083786 3495489.684077 3931896.287793
3995276.549652 3886666.242366 4102661.552243
3457485.172400 4242644.549299 4236272.478362
2888382.274023 4560200.810204 4331519.064915
2293121.738494 4836459.186407 4387538.744064
1677094.337403 5068917.839274 4403824.192919
1045878.910288 5255471.587247 4380227.927934
405191.841804 5394430.970696 4316963.640538
-239164.706746 5484537.551926 4214604.261916
-881355.342676 5524975.311784 4074076.774450
-1515564.288141 5515378.039655 3896653.816828
-2136048.048722 5455832.649922 3683942.158829
-2737187.427399 5346878.394854 3437868.150167
-3313538.412869 5189501.981058 3160660.275171
-3859881.481358 4985128.633707 2854828.971282
-4371268.865434 4735609.189483 2523143.894148
-4843069.361757 4443203.335111 2168608.835190


