87474425732000 74425732000
87474525732954 74425732954
87474625733907 74425733907
87474725734860 74425734860
87474825735813 74425735813
87474925736767 74425736767
87475025737721 74425737721
87475125738674 74425738674
87475225739628 74425739628
87475325740581 74425740581
87475425741534 74425741534
87475525742487 74425742487
87475625743441 74425743441
87475725744394 74425744394
87475825745348 74425745348
87475925746302 74425746302
87476025747255 74425747255
87476125748208 74425748208
87476225749162 74425749162
87476325750115 74425750115
87476425751068 74425751068
87476525752023 74425752023
87476625752976 74425752976
87476725753929 74425753929
87476825754883 74425754883
87476925755836 74425755836
87477025756789 74425756789
87477125757742 74425757742
87477225758697 74425758697
87477325759650 74425759650
87477425760603 74425760603
87477525761557 74425761557
87477625762510 74425762510
87477725763464 74425763464
87477825764418 74425764418
87477925765371 74425765371
87478025766325 74425766325
87478125767278 74425767278
87478225768232 74425768232
87478325769186 74425769186
87478425770139 74425770139
87478525771092 74425771092
87478625772046 74425772046
87478725773000 74425773000
87478825773953 74425773953
87478925774907 74425774907
87479025775860 74425775860
87479125776813 74425776813
87479225777768 74425777768
87479325778721 74425778721
87479425779674 74425779674
87479525780628 74425780628
87479625781582 74425781582
87479725782536 74425782536
87479825783489 74425783489
87479925784442 74425784442
87480025785397 74425785397
87480125786350 74425786350
87480225787303 74425787303
87480325788257 74425788257
87480425789211 74425789211
87480525790165 74425790165
87480625791118 74425791118
87480725792071 74425792071
87480825793026 74425793026
87480925793979 74425793979
87481025794933 74425794933
87481125795887 74425795887
87481225796840 74425796840
87481325797794 74425797794
87481425798747 74425798747
87481525799702 74425799702
87481625800655 74425800655
87481725801608 74425801608
87481825802563 74425802563
87481925803516 74425803516
87482025804470 74425804470
87482125805423 74425805423
87482225806377 74425806377
87482325807331 74425807331
87482425808284 74425808284
87482525809239 74425809239
87482625810192 74425810192
87482725811146 74425811146
87482825812100 74425812100
87482925813053 74425813053
87483025814007 74425814007
87483125814961 74425814961
87483225815915 74425815915
87483325816868 74425816868
87483425817823 74425817823
87483525818776 74425818776
87483625819729 74425819729
87483725820684 74425820684
87483825821637 74425821637
87483925822591 74425822591
87484025823545 74425823545
87484125824499 74425824499
87484225825453 74425825453
87484325826407 74425826407
87484425827360 74425827360
87484525828314 74425828314
87484625829268 74425829268
87484725830221 74425830221
87484825831176 74425831176
87484925832129 74425832129
87485025833084 74425833084
87485125834037 74425834037
87485225834991 74425834991
87485325835945 74425835945
87485425836899 74425836899
87485525837853 74425837853
87485625838806 74425838806
87485725839760 74425839760
87485825840714 74425840714
87485925841668 74425841668
87486025842622 74425842622
87486125843576 74425843576
87486225844530 74425844530
87486325845484 74425845484
87486425846437 74425846437
87486525847392 74425847392
87486625848345 74425848345
87486725849300 74425849300
87486825850253 74425850253
87486925851208 74425851208
87487025852161 74425852161
87487125853115 74425853115
87487225854069 74425854069
87487325855023 74425855023
87487425855977 74425855977
87487525856931 74425856931
87487625857885 74425857885
87487725858839 74425858839
87487825859793 74425859793
87487925860747 74425860747
87488025861701 74425861701
87488125862655 74425862655
87488225863609 74425863609
87488325864563 74425864563
87488425865517 74425865517
87488525866471 74425866471
87488625867424 74425867424
87488725868379 74425868379
87488825869332 74425869332
87488925870287 74425870287
87489025871241 74425871241
87489125872195 74425872195
87489225873149 74425873149
87489325874103 74425874103
87489425875057 74425875057
87489525876011 74425876011
87489625876966 74425876966
87489725877919 74425877919
87489825878874 74425878874
87489925879827 74425879827
87490025880782 74425880782
87490125881735 74425881735
87490225882690 74425882690
87490325883644 74425883644
87490425884598 74425884598
87490525885552 74425885552
87490625886506 74425886506
87490725887460 74425887460
87490825888414 74425888414
87490925889368 74425889368
87491025890322 74425890322
87491125891277 74425891277
87491225892231 74425892231
87491325893185 74425893185
87491425894139 74425894139
87491525895093 74425895093
87491625896047 74425896047
87491725897001 74425897001
87491825897956 74425897956
87491925898910 74425898910
87492025899864 74425899864
87492125900818 74425900818
87492225901772 74425901772
87492325902727 74425902727
87492425903680 74425903680
87492525904635 74425904635
87492625905589 74425905589
87492725906543 74425906543
87492825907498 74425907498
87492925908451 74425908451
87493025909406 74425909406
87493125910360 74425910360
87493225911314 74425911314
87493325912269 74425912269
87493425913222 74425913222
87493525914177 74425914177
87493625915131 74425915131
87493725916085 74425916085
87493825917040 74425917040
87493925917993 74425917993
87494025918948 74425918948
87494125919903 74425919903
87494225920856 74425920856
87494325921811 74425921811
87494425922766 74425922766
87494525923719 74425923719
87494625924674 74425924674
87494725925628 74425925628
87494825926582 74425926582
87494925927537 74425927537
87495025928491 74425928491
87495125929445 74425929445
87495225930400 74425930400
87495325931354 74425931354
87495425932308 74425932308
87495525933262 74425933262
87495625934217 74425934217
87495725935171 74425935171
87495825936125 74425936125
87495925937080 74425937080
87496025938034 74425938034
87496125938988 74425938988
87496225939943 74425939943
87496325940898 74425940898
87496425941851 74425941851
87496525942806 74425942806
87496625943761 74425943761
87496725944714 74425944714
87496825945669 74425945669
87496925946624 74425946624
87497025947578 74425947578
87497125948532 74425948532
87497225949487 74425949487
87497325950441 74425950441
87497425951395 74425951395
87497525952350 74425952350
87497625953304 74425953304
87497725954259 74425954259
87497825955213 74425955213
87497925956167 74425956167
87498025957122 74425957122
87498125958077 74425958077
87498225959030 74425959030
87498325959985 74425959985
87498425960940 74425960940
87498525961894 74425961894
87498625962848 74425962848
87498725963803 74425963803
87498825964757 74425964757
87498925965712 74425965712
87499025966667 74425966667
87499125967621 74425967621
87499225968575 74425968575
87499325969530 74425969530
87499425970485 74425970485
87499525971439 74425971439
87499625972393 74425972393
87499725973348 74425973348
87499825974303 74425974303
87499925975257 74425975257
87500025976212 74425976212
87500125977166 74425977166
87500225978120 74425978120
87500325979075 74425979075
87500425980030 74425980030
87500525980985 74425980985
87500625981938 74425981938
87500725982893 74425982893
87500825983848 74425983848
87500925984802 74425984802
87501025985757 74425985757
87501125986712 74425986712
87501225987666 74425987666
87501325988620 74425988620
87501425989575 74425989575
87501525990530 74425990530
87501625991485 74425991485
87501725992439 74425992439
87501825993394 74425993394
87501925994348 74425994348
87502025995303 74425995303
87502125996257 74425996257
87502225997212 74425997212
87502325998167 74425998167
87502425999122 74425999122
87502526000076 74426000076
87502626001030 74426001030
87502726001985 74426001985
87502826002940 74426002940
87502926003894 74426003894
87503026004849 74426004849
87503126005804 74426005804
87503226006759 74426006759
87503326007713 74426007713
87503426008668 74426008668
87503526009623 74426009623
87503626010577 74426010577
87503649740124 73349740124
87503726011532 74426011532
87503749739590 73349739590
87503826012486 74426012486
87503849739057 73349739057
87503926013441 74426013441
87503949738523 73349738523
87504026014396 74426014396
87504049737989 73349737989
87504126015351 74426015351
87504149737455 73349737455
87504226016305 74426016305
87504249736921 73349736921
87504326017260 74426017260
87504349736388 73349736388
87504426018215 74426018215
87504449735854 73349735854
87504526019170 74426019170
87504549735320 73349735320
87504626020125 74426020125
87504649734786 73349734786
87504749734252 73349734252
87504849733719 73349733719
87504949733185 73349733185
87505049732652 73349732652
87505149732117 73349732117
87505249731583 73349731583
87505349731050 73349731050
87505449730516 73349730516
87505549729983 73349729983
87505649729449 73349729449
87505749728915 73349728915
87505849728381 73349728381
87505949727847 73349727847
87506049727314 73349727314
87506149726780 73349726780
87506249726247 73349726247
87506349725712 73349725712
87506449725179 73349725179
87506549724645 73349724645
87506649724111 73349724111
87506749723578 73349723578
87506849723044 73349723044
87506949722511 73349722511
87507049721976 73349721976
87507149721443 73349721443
87507249720909 73349720909
87507349720376 73349720376
87507449719842 73349719842
87507549719308 73349719308
87507649718774 73349718774
87507749718240 73349718240
87507849717707 73349717707
87507949717173 73349717173
87508049716640 73349716640
87508149716106 73349716106
87508249715573 73349715573
87508349715039 73349715039
87508449714504 73349714504
87508549713971 73349713971
87508649713437 73349713437
87508749712904 73349712904
87508849712370 73349712370
87508949711837 73349711837
87509049711303 73349711303
87509149710770 73349710770
87509249710235 73349710235
87509349709702 73349709702
87509449709168 73349709168
87509549708634 73349708634
87509649708101 73349708101
87509749707567 73349707567
87509849707034 73349707034
87509949706500 73349706500
87510049705967 73349705967
87510149705433 73349705433
87510249704899 73349704899
87510349704365 73349704365
87510449703832 73349703832
87510549703298 73349703298
87510649702765 73349702765
87510749702231 73349702231
87510849701697 73349701697
87510949701164 73349701164
87511049700630 73349700630
87511149700097 73349700097
87511249699563 73349699563
87511349699030 73349699030
87511449698495 73349698495
87511549697962 73349697962
87511649697428 73349697428
87511749696895 73349696895
87511849696361 73349696361
87511949695828 73349695828
87512049695294 73349695294
87512149694761 73349694761
87512249694227 73349694227
87512349693694 73349693694
87512449693160 73349693160
87512549692626 73349692626
87512649692093 73349692093
87512749691559 73349691559
87512849691026 73349691026
87512949690492 73349690492
87513049689958 73349689958
87513149689424 73349689424
87513249688891 73349688891
87513349688357 73349688357
87513449687824 73349687824
87513549687290 73349687290
87513649686757 73349686757
87513749686223 73349686223
87513849685690 73349685690
87513949685156 73349685156
87514049684623 73349684623
87514149684089 73349684089
87514249683556 73349683556
87514349683022 73349683022
87514449682489 73349682489
87514549681955 73349681955
87514649681422 73349681422
87514749680888 73349680888
87514849680355 73349680355
87514949679821 73349679821
87515049679288 73349679288
87515149678754 73349678754
87515249678221 73349678221
87515349677687 73349677687
87515449677154 73349677154
87515549676620 73349676620
87515649676087 73349676087
87515749675553 73349675553
87515849675020 73349675020
87515949674486 73349674486
87516049673953 73349673953
87516149673419 73349673419
87516249672886 73349672886
87516349672352 73349672352
87516449671819 73349671819
87516549671285 73349671285
87516649670752 73349670752
87516749670218 73349670218
87516849669685 73349669685
87516949669151 73349669151
87517049668618 73349668618
87517149668084 73349668084
87517249667551 73349667551
87517349667017 73349667017
87517449666484 73349666484
87517549665950 73349665950
87517649665417 73349665417
87517749664883 73349664883
87517849664350 73349664350
87517949663816 73349663816
87518049663283 73349663283
87518149662749 73349662749
87518249662216 73349662216
87518349661682 73349661682
87518449661149 73349661149
87518549660615 73349660615
87518649660082 73349660082
87518749659549 73349659549
87518849659016 73349659016
87518949658482 73349658482
87519049657949 73349657949
87519149657415 73349657415
87519249656882 73349656882
87519349656348 73349656348
87519449655815 73349655815
87519549655281 73349655281
87519649654748 73349654748
87519749654215 73349654215
87519849653681 73349653681
87519949653148 73349653148
87520049652614 73349652614
87520149652081 73349652081
87520249651547 73349651547
87520349651015 73349651015
87520449650481 73349650481
87520549649948 73349649948
87520649649414 73349649414
87520749648881 73349648881
87520849648347 73349648347
87520949647814 73349647814
87521049647280 73349647280
87521149646747 73349646747
87521249646213 73349646213
87521349645680 73349645680
87521449645147 73349645147
87521549644614 73349644614
87521649644081 73349644081
87521749643547 73349643547
87521849643014 73349643014
87521949642480 73349642480
87522049641947 73349641947
87522149641413 73349641413
87522249640880 73349640880
87522349640346 73349640346
87522449639813 73349639813
87522549639281 73349639281
87522649638747 73349638747
87522749638214 73349638214
87522849637680 73349637680
87522949637147 73349637147
87523049636613 73349636613
87523149636080 73349636080
87523249635546 73349635546
87523349635014 73349635014
87523449634480 73349634480
87523549633947 73349633947
87523649633414 73349633414
87523749632880 73349632880
87523849632347 73349632347
87523949631813 73349631813
87524049631280 73349631280
87524149630747 73349630747
87524249630214 73349630214
87524349629680 73349629680
87524449629147 73349629147
87524549628614 73349628614
87524649628080 73349628080
87524749627547 73349627547
87524849627014 73349627014
87524949626481 73349626481
87525049625947 73349625947
87525149625414 73349625414
87525249624880 73349624880
87525349624347 73349624347
87525449623815 73349623815
87525549623281 73349623281
87525649622748 73349622748
87525749622214 73349622214
87525849621681 73349621681
87525949621147 73349621147
87526049620615 73349620615
87526149620082 73349620082
87526249619548 73349619548
87526349619015 73349619015
87526449618481 73349618481
87526549617948 73349617948
87526649617415 73349617415
87526749616882 73349616882
87526849616349 73349616349
87526949615815 73349615815
87527049615282 73349615282
87527149614749 73349614749
87527249614216 73349614216
87527349613682 73349613682
87527449613149 73349613149
87527549612616 73349612616
87527649612083 73349612083
87527749611550 73349611550
87527849611016 73349611016
87527949610483 73349610483
87528049609949 73349609949
87528149609417 73349609417
87528249608884 73349608884
87528349608350 73349608350
87528449607817 73349607817
87528549607283 73349607283
87528649606751 73349606751
87528749606218 73349606218
87528849605684 73349605684
87528949605151 73349605151
87529049604617 73349604617
87529149604085 73349604085
87529249603551 73349603551
87529349603018 73349603018
87529449602485 73349602485
87529549601952 73349601952
87529649601419 73349601419
87529749600885 73349600885
87529849600352 73349600352
87529949599820 73349599820
87530049599286 73349599286
87530149598753 73349598753
87530249598219 73349598219
87530349597687 73349597687
87530449597154 73349597154
87530549596620 73349596620
87530649596087 73349596087
87530749595554 73349595554
87530849595021 73349595021
87530949594488 73349594488
87531049593954 73349593954
87531149593422 73349593422
87531249592888 73349592888
87531349592355 73349592355
87531449591822 73349591822
87531549591289 73349591289
87531649590756 73349590756
87531749590222 73349590222
87531849589689 73349589689
87531949589157 73349589157
87532049588623 73349588623
87532149588090 73349588090
87532249587556 73349587556
87532349587024 73349587024
87532449586491 73349586491
87532549585957 73349585957
87532649585425 73349585425
87532749584891 73349584891
87532849584358 73349584358
87532949583825 73349583825
87533049583292 73349583292
87533149582759 73349582759
87533249582226 73349582226
87533349581693 73349581693
87533449581160 73349581160
87533549580626 73349580626
87533649580093 73349580093
87533749579561 73349579561
87533849579027 73349579027
87533949578494 73349578494
87534049577962 73349577962
87534149577428 73349577428
87534249576895 73349576895
87534349576362 73349576362
87534449575829 73349575829
87534549575296 73349575296
87534649574763 73349574763
87534749574230 73349574230
87534849573697 73349573697
87534949573164 73349573164
87535049572631 73349572631
87535149572097 73349572097
87535249571565 73349571565
87535349571032 73349571032
87535449570498 73349570498
87535549569966 73349569966
87535649569433 73349569433
87535749568899 73349568899
87535849568367 73349568367
87535949567833 73349567833
87536049567300 73349567300
87536149566768 73349566768
87536249566234 73349566234
87536349565701 73349565701
87536449565169 73349565169
87536549564635 73349564635
87536649564102 73349564102
87536749563570 73349563570
87536849563036 73349563036
87536949562503 73349562503
87537049561970 73349561970
87537149561437 73349561437
87537249560904 73349560904
87537349560371 73349560371
87537449559838 73349559838
87537549559305 73349559305
87537649558772 73349558772
87537749558239 73349558239
87537849557707 73349557707
87537949557173 73349557173
87538049556640 73349556640
87538149556108 73349556108
87538249555574 73349555574
87538349555041 73349555041
87538449554509 73349554509
87538549553975 73349553975
87538649553443 73349553443
87538749552909 73349552909
87538849552376 73349552376
87538949551844 73349551844
87539049551310 73349551310
87539149550778 73349550778
87539249550245 73349550245
87539349549711 73349549711
87539449549179 73349549179
87539549548646 73349548646
87539649548113 73349548113
87539749547580 73349547580
87539849547047 73349547047
87539949546514 73349546514
87540049545981 73349545981
87540149545449 73349545449
87540249544915 73349544915
87540349544382 73349544382
87540449543850 73349543850
87540549543316 73349543316
87540649542784 73349542784
87540749542251 73349542251
87540849541717 73349541717
87540949541185 73349541185
87541049540652 73349540652
87541149540119 73349540119
87541249539586 73349539586
87541349539054 73349539054
87541449538520 73349538520
87541549537987 73349537987
87541649537455 73349537455
87541749536921 73349536921
87541849536389 73349536389
87541949535856 73349535856
87542049535323 73349535323
87542149534790 73349534790
87542249534258 73349534258
87542349533724 73349533724
87542449533191 73349533191
87542549532659 73349532659
87542649532125 73349532125
87542749531593 73349531593
87542849531060 73349531060
87542949530527 73349530527
87543049529994 73349529994
87543149529462 73349529462
87543249528929 73349528929
87543349528396 73349528396
87543449527863 73349527863
87543549527330 73349527330
87543649526797 73349526797
87543749526264 73349526264
87543849525732 73349525732
87543949525198 73349525198
87544049524666 73349524666
87544149524133 73349524133
87544249523600 73349523600
87544349523067 73349523067
87544449522535 73349522535
87544549522001 73349522001
87544649521469 73349521469
87544749520936 73349520936
87544849520404 73349520404
87544949519870 73349519870
87545049519338 73349519338
87545149518805 73349518805
87545249518272 73349518272
87545349517739 73349517739
87545449517207 73349517207
87545549516673 73349516673
87545649516141 73349516141
87545749515608 73349515608
87545849515075 73349515075
87545949514542 73349514542
87546049514010 73349514010
87546149513477 73349513477
87546249512944 73349512944
87546349512411 73349512411
87546449511879 73349511879
87546549511345 73349511345
87546649510813 73349510813
87546749510280 73349510280
87546849509748 73349509748
87546949509214 73349509214
87547049508682 73349508682
87547149508149 73349508149
87547249507616 73349507616
87547349507083 73349507083
87547449506551 73349506551
87547549506017 73349506017
87547649505485 73349505485
87547749504953 73349504953
87547849504420 73349504420
87547949503887 73349503887
87548049503354 73349503354
87548149502822 73349502822
87548249502288 73349502288
87548349501756 73349501756
87548449501223 73349501223
87548549500691 73349500691
87548649500157 73349500157
87548749499625 73349499625
87548849499093 73349499093
87548949498560 73349498560
87549049498027 73349498027
87549149497494 73349497494
87549249496962 73349496962
87549349496428 73349496428
87549449495896 73349495896
87549549495364 73349495364
87549649494831 73349494831
87549749494298 73349494298
87549849493765 73349493765
87549949493233 73349493233
87550049492700 73349492700
87550149492167 73349492167
87550249491635 73349491635
87550349491102 73349491102
87550449490569 73349490569
87550549490036 73349490036
87550649489504 73349489504
87550749488971 73349488971
87550849488438 73349488438
87550949487906 73349487906
87551049487373 73349487373
87551149486841 73349486841
87551249486307 73349486307
87551349485775 73349485775
87551449485243 73349485243
87551549484710 73349484710
87551649484177 73349484177
87551749483644 73349483644
87551849483112 73349483112
87551949482579 73349482579
87552049482046 73349482046
87552149481514 73349481514
87552249480981 73349480981
87552349480448 73349480448
87552449479916 73349479916
87552549479383 73349479383
87552649478851 73349478851
87552749478318 73349478318
87552849477785 73349477785
87552949477253 73349477253
87553049476720 73349476720
87553149476187 73349476187
87553249475655 73349475655
87553349475122 73349475122
87553449474590 73349474590
87553549474057 73349474057
87553649473524 73349473524
87553749472992 73349472992
87553849472459 73349472459
87553949471926 73349471926
87554049471394 73349471394
87554149470861 73349470861
87554249470329 73349470329
87554349469796 73349469796
87554449469263 73349469263
87554549468731 73349468731
87554649468199 73349468199
87554749467665 73349467665
87554849467133 73349467133
87554949466601 73349466601
87555049466068 73349466068
87555149465536 73349465536
87555249465003 73349465003
87555349464470 73349464470
87555449463938 73349463938
87555549463406 73349463406
87555649462872 73349462872
87555749462340 73349462340
87555849461808 73349461808
87555949461275 73349461275
87556049460742 73349460742
87556149460210 73349460210
87556249459677 73349459677
87556349459145 73349459145
87556449458613 73349458613
87556549458079 73349458079
87556649457547 73349457547
87556749457015 73349457015
87556849456482 73349456482
87556949455949 73349455949
87557049455417 73349455417
87557149454885 73349454885
87557249454352 73349454352
87557349453819 73349453819
87557449453287 73349453287
87557549452754 73349452754
87557649452222 73349452222
87557749451690 73349451690
87557849451156 73349451156
87557949450624 73349450624
87558049450092 73349450092
87558149449560 73349449560
87558249449027 73349449027
87558349448494 73349448494
87558449447962 73349447962
87558549447429 73349447429
87558649446897 73349446897
87558749446364 73349446364
87558849445832 73349445832
87558949445299 73349445299
87559049444767 73349444767
87559149444235 73349444235
87559249443702 73349443702
87559349443169 73349443169
87559449442637 73349442637
87559549442105 73349442105
87559649441572 73349441572
87559749441039 73349441039
87559849440507 73349440507
87559949439975 73349439975
87560049439442 73349439442
87560149438910 73349438910
87560249438377 73349438377
87560349437845 73349437845
87560449437312 73349437312
87560549436780 73349436780
87560649436248 73349436248
87560749435715 73349435715
87560849435182 73349435182
87560949434650 73349434650
87561049434118 73349434118
87561149433586 73349433586
87561249433052 73349433052
87561349432520 73349432520
87561449431988 73349431988
87561549431456 73349431456
87561649430924 73349430924
87561749430390 73349430390
87561849429858 73349429858
87561949429326 73349429326
87562049428794 73349428794
87562149428261 73349428261
87562249427728 73349427728
87562349427196 73349427196
87562449426664 73349426664
87562549426132 73349426132
87562649425599 73349425599
87562749425066 73349425066
87562849424534 73349424534
87562949424002 73349424002
87563049423470 73349423470
87563149422937 73349422937
87563249422405 73349422405
87563349421872 73349421872
87563449421340 73349421340
87563549420808 73349420808
87563649420275 73349420275
87563749419743 73349419743
87563849419210 73349419210
87563949418678 73349418678
87564049418146 73349418146
87564149417613 73349417613
87564249417081 73349417081
87564349416549 73349416549
87564449416016 73349416016
87564549415484 73349415484
87564649414951 73349414951
87564749414419 73349414419
87564849413887 73349413887
87564949413355 73349413355
87565049412822 73349412822
87565149412290 73349412290
87565249411757 73349411757
87565349411225 73349411225
87565449410693 73349410693
87565549410161 73349410161
87565649409628 73349409628
87565749409096 73349409096
87565849408563 73349408563
87565949408031 73349408031
87566049407499 73349407499
87566149406967 73349406967
87566249406434 73349406434
87566349405902 73349405902
87566449405370 73349405370
87566549404837 73349404837
87566649404305 73349404305
87566749403773 73349403773
87566849403240 73349403240
87566949402708 73349402708
87567049402176 73349402176
87567149401644 73349401644
87567249401111 73349401111
87567349400579 73349400579
87567449400046 73349400046
87567549399514 73349399514
87567649398982 73349398982
87567749398450 73349398450
87567849397918 73349397918
87567949397386 73349397386
87568049396853 73349396853
87568149396320 73349396320
87568249395788 73349395788
87568349395256 73349395256
87568449394724 73349394724
87568549394192 73349394192
87568649393660 73349393660
87568749393127 73349393127
87568849392595 73349392595
87568949392062 73349392062
87569049391530 73349391530
87569149390998 73349390998
87569249390466 73349390466
87569349389934 73349389934
87569449389401 73349389401
87569549388869 73349388869
87569649388337 73349388337
87569749387805 73349387805
87569849387273 73349387273
87569949386740 73349386740
87570049386208 73349386208
87570149385676 73349385676
87570249385143 73349385143
87570349384611 73349384611
87570449384079 73349384079
87570549383547 73349383547
87570649383015 73349383015
87570749382483 73349382483
87570849381951 73349381951
87570949381418 73349381418
87571049380886 73349380886
87571149380354 73349380354
87571249379821 73349379821
87571349379289 73349379289
87571449378757 73349378757
87571549378225 73349378225
87571649377693 73349377693
87571749377160 73349377160
87571849376628 73349376628
87571949376096 73349376096
87572049375564 73349375564
87572149375032 73349375032
87572249374500 73349374500
87572349373968 73349373968
87572449373436 73349373436
87572549372903 73349372903
87572649372371 73349372371
87572749371839 73349371839
87572849371307 73349371307
87572949370775 73349370775
87573049370243 73349370243
87573149369710 73349369710
87573249369178 73349369178
87573349368646 73349368646
87573449368113 73349368113
87573549367581 73349367581
87573649367049 73349367049
87573749366517 73349366517
87573849365985 73349365985
87573949365453 73349365453
87574049364921 73349364921
87574149364389 73349364389
87574249363856 73349363856
87574349363324 73349363324
87574449362792 73349362792
87574549362260 73349362260
87574649361728 73349361728
87574749361196 73349361196
87574849360664 73349360664
87574949360132 73349360132
87575049359600 73349359600
87575149359068 73349359068
87575249358535 73349358535
87575349358003 73349358003
87575449357471 73349357471
87575549356939 73349356939
87575649356407 73349356407
87575749355875 73349355875
87575849355343 73349355343
87575949354811 73349354811
87576049354279 73349354279
87576149353747 73349353747
87576249353214 73349353214
87576349352682 73349352682
87576449352150 73349352150
87576549351618 73349351618
87576649351086 73349351086
87576749350554 73349350554
87576849350022 73349350022
87576949349490 73349349490
87577049348958 73349348958
87577149348426 73349348426
87577249347894 73349347894
87577349347362 73349347362
87577449346830 73349346830
87577549346298 73349346298
87577649345766 73349345766
87577749345234 73349345234
87577849344702 73349344702
87577949344170 73349344170
87578049343638 73349343638
87578149343106 73349343106
87578249342574 73349342574
87578349342042 73349342042
87578449341510 73349341510
87578549340977 73349340977
87578649340445 73349340445
87578749339913 73349339913
87578849339381 73349339381
87578949338849 73349338849
87579049338317 73349338317
87579149337785 73349337785
87579249337254 73349337254
87579349336722 73349336722
87579449336190 73349336190
87579549335658 73349335658
87579649335126 73349335126
87579749334594 73349334594
87579849334061 73349334061
87579949333529 73349333529
87580049332997 73349332997
87580149332465 73349332465
87580249331933 73349331933
87580349331401 73349331401
87580449330869 73349330869
87580549330338 73349330338
87580649329806 73349329806
87580749329274 73349329274
87580849328742 73349328742
87580949328210 73349328210
87581049327678 73349327678
87581149327146 73349327146
87581249326614 73349326614
87581349326081 73349326081
87581449325549 73349325549
87581549325018 73349325018
87581649324486 73349324486
87581749323954 73349323954
87581849323422 73349323422
87581949322890 73349322890
87582049322358 73349322358
87582149321826 73349321826
87582249321294 73349321294
87582349320762 73349320762
87582449320231 73349320231
87582549319699 73349319699
87582649319167 73349319167
87582749318635 73349318635
87582849318103 73349318103
87582949317571 73349317571
87583049317039 73349317039
87583149316506 73349316506
87583249315975 73349315975
87583349315443 73349315443
87583449314911 73349314911
87583549314379 73349314379
87583649313847 73349313847
87583749313315 73349313315
87583849312783 73349312783
87583949312252 73349312252
87584049311720 73349311720
87584149311188 73349311188
87584249310656 73349310656
87584349310124 73349310124
87584449309592 73349309592
87584549309061 73349309061
87584649308529 73349308529
87584749307997 73349307997
87584849307465 73349307465
87584949306933 73349306933
87585049306401 73349306401
87585149305870 73349305870
87585249305338 73349305338
87585349304806 73349304806
87585449304274 73349304274
87585549303741 73349303741
87585649303209 73349303209
87585749302678 73349302678
87585849302146 73349302146
87585949301614 73349301614
87586049301082 73349301082
87586149300550 73349300550
87586249300018 73349300018
87586349299487 73349299487
87586449298955 73349298955
87586549298423 73349298423
87586649297891 73349297891
87586749297359 73349297359
87586849296828 73349296828
87586949296296 73349296296
87587049295764 73349295764
87587149295232 73349295232
87587249294700 73349294700
87587349294169 73349294169
87587449293637 73349293637
87587549293105 73349293105
87587649292573 73349292573
87587749292041 73349292041
87587849291510 73349291510
87587949290978 73349290978
87588049290446 73349290446
87588149289914 73349289914
87588249289383 73349289383
87588349288851 73349288851
87588449288319 73349288319
87588549287787 73349287787
87588649287255 73349287255
87588749286724 73349286724
87588849286192 73349286192
87588949285660 73349285660
87589049285128 73349285128
87589149284597 73349284597
87589249284065 73349284065
87589349283533 73349283533
87589449283001 73349283001
87589549282470 73349282470
87589649281938 73349281938
87589749281406 73349281406
87589849280874 73349280874
87589949280343 73349280343
87590049279811 73349279811
87590149279279 73349279279
87590249278747 73349278747
87590349278216 73349278216
87590449277684 73349277684
87590549277152 73349277152
87590649276620 73349276620
87590749276089 73349276089
87590849275557 73349275557
87590949275025 73349275025
87591049274493 73349274493
87591149273962 73349273962
87591249273430 73349273430
87591349272898 73349272898
87591449272366 73349272366
87591549271835 73349271835
87591649271303 73349271303
87591749270771 73349270771
87591849270240 73349270240
87591949269708 73349269708
87592049269176 73349269176
87592149268644 73349268644
87592249268113 73349268113
87592349267581 73349267581
87592449267049 73349267049
87592549266518 73349266518
87592649265986 73349265986
87592749265454 73349265454
87592849264922 73349264922
87592949264391 73349264391
87593049263859 73349263859
87593149263327 73349263327
87593249262796 73349262796
87593349262264 73349262264
87593449261732 73349261732
87593549261201 73349261201
87593649260669 73349260669
87593749260137 73349260137
87593849259605 73349259605
87593949259074 73349259074
87594049258542 73349258542
87594149258010 73349258010
87594249257479 73349257479
87594349256947 73349256947
87594449256415 73349256415
87594549255884 73349255884
87594649255352 73349255352
87594749254820 73349254820
87594849254289 73349254289
87594949253757 73349253757
87595049253225 73349253225
87595149252694 73349252694
87595249252162 73349252162
87595349251630 73349251630
87595449251100 73349251100
87595549250568 73349250568
87595649250036 73349250036
87595749249505 73349249505
87595849248973 73349248973
87595949248441 73349248441
87596049247910 73349247910
87596149247378 73349247378
87596249246847 73349246847
87596349246315 73349246315
87596449245783 73349245783
87596549245252 73349245252
87596649244720 73349244720
87596749244188 73349244188
87596849243657 73349243657
87596949243125 73349243125
87597049242593 73349242593
87597149242062 73349242062
87597249241530 73349241530
87597349240999 73349240999
87597449240467 73349240467
87597549239935 73349239935
87597649239404 73349239404
87597749238872 73349238872
87597849238341 73349238341
87597949237810 73349237810
87598049237278 73349237278
87598149236747 73349236747
87598249236215 73349236215
87598349235683 73349235683
87598449235152 73349235152
87598549234620 73349234620
87598649234089 73349234089
87598749233557 73349233557
87598849233025 73349233025
87598949232494 73349232494
87599049231962 73349231962
87599149231431 73349231431
87599249230899 73349230899
87599349230367 73349230367
87599449229836 73349229836
87599549229304 73349229304
87599649228774 73349228774
87599749228242 73349228242
87599849227710 73349227710
87599949227179 73349227179
