87474425732000 1
87474525732954 2
87474625733907 3
87474725734860 4
87474825735813 5
87474925736767 6
87475025737721 7
87475125738674 8
87475225739628 9
87475325740581 10
87475425741534 11
87475525742487 12
87475625743441 13
87475725744394 14
87475825745348 15
87475925746302 16
87476025747255 17
87476125748208 18
87476225749162 19
87476325750115 20
87476425751068 21
87476525752023 22
87476625752976 23
87476725753929 24
87476825754883 25
87476925755836 26
87477025756789 27
87477125757742 28
87477225758697 29
87477325759650 30
87477425760603 31
87477525761557 32
87477625762510 33
87477725763464 34
87477825764418 35
87477925765371 36
87478025766325 37
87478125767278 38
87478225768232 39
87478325769186 40
87478425770139 41
87478525771092 42
87478625772046 43
87478725773000 44
87478825773953 45
87478925774907 46
87479025775860 47
87479125776813 48
87479225777768 49
87479325778721 50
87479425779674 51
87479525780628 52
87479625781582 53
87479725782536 54
87479825783489 55
87479925784442 56
87480025785397 57
87480125786350 58
87480225787303 59
87480325788257 60
87480425789211 61
87480525790165 62
87480625791118 63
87480725792071 64
87480825793026 65
87480925793979 66
87481025794933 67
87481125795887 68
87481225796840 69
87481325797794 70
87481425798747 71
87481525799702 72
87481625800655 73
87481725801608 74
87481825802563 75
87481925803516 76
87482025804470 77
87482125805423 78
87482225806377 79
87482325807331 80
87482425808284 81
87482525809239 82
87482625810192 83
87482725811146 84
87482825812100 85
87482925813053 86
87483025814007 87
87483125814961 88
87483225815915 89
87483325816868 90
87483425817823 91
87483525818776 92
87483625819729 93
87483725820684 94
87483825821637 95
87483925822591 96
87484025823545 97
87484125824499 98
87484225825453 99
87484325826407 100
87484425827360 101
87484525828314 102
87484625829268 103
87484725830221 104
87484825831176 105
87484925832129 106
87485025833084 107
87485125834037 108
87485225834991 109
87485325835945 110
87485425836899 111
87485525837853 112
87485625838806 113
87485725839760 114
87485825840714 115
87485925841668 116
87486025842622 117
87486125843576 118
87486225844530 119
87486325845484 120
87486425846437 121
87486525847392 122
87486625848345 123
87486725849300 124
87486825850253 125
87486925851208 126
87487025852161 127
87487125853115 128
87487225854069 129
87487325855023 130
87487425855977 131
87487525856931 132
87487625857885 133
87487725858839 134
87487825859793 135
87487925860747 136
87488025861701 137
87488125862655 138
87488225863609 139
87488325864563 140
87488425865517 141
87488525866471 142
87488625867424 143
87488725868379 144
87488825869332 145
87488925870287 146
87489025871241 147
87489125872195 148
87489225873149 149
87489325874103 150
87489425875057 151
87489525876011 152
87489625876966 153
87489725877919 154
87489825878874 155
87489925879827 156
87490025880782 157
87490125881735 158
87490225882690 159
87490325883644 160
87490425884598 161
87490525885552 162
87490625886506 163
87490725887460 164
87490825888414 165
87490925889368 166
87491025890322 167
87491125891277 168
87491225892231 169
87491325893185 170
87491425894139 171
87491525895093 172
87491625896047 173
87491725897001 174
87491825897956 175
87491925898910 176
87492025899864 177
87492125900818 178
87492225901772 179
87492325902727 180
87492425903680 181
87492525904635 182
87492625905589 183
87492725906543 184
87492825907498 185
87492925908451 186
87493025909406 187
87493125910360 188
87493225911314 189
87493325912269 190
87493425913222 191
87493525914177 192
87493625915131 193
87493725916085 194
87493825917040 195
87493925917993 196
87494025918948 197
87494125919903 198
87494225920856 199
87494325921811 200
87494425922766 201
87494525923719 202
87494625924674 203
87494725925628 204
87494825926582 205
87494925927537 206
87495025928491 207
87495125929445 208
87495225930400 209
87495325931354 210
87495425932308 211
87495525933262 212
87495625934217 213
87495725935171 214
87495825936125 215
87495925937080 216
87496025938034 217
87496125938988 218
87496225939943 219
87496325940898 220
87496425941851 221
87496525942806 222
87496625943761 223
87496725944714 224
87496825945669 225
87496925946624 226
87497025947578 227
87497125948532 228
87497225949487 229
87497325950441 230
87497425951395 231
87497525952350 232
87497625953304 233
87497725954259 234
87497825955213 235
87497925956167 236
87498025957122 237
87498125958077 238
87498225959030 239
87498325959985 240
87498425960940 241
87498525961894 242
87498625962848 243
87498725963803 244
87498825964757 245
87498925965712 246
87499025966667 247
87499125967621 248
87499225968575 249
87499325969530 250
87499425970485 251
87499525971439 252
87499625972393 253
87499725973348 254
87499825974303 255
87499925975257 256
87500025976212 257
87500125977166 258
87500225978120 259
87500325979075 260
87500425980030 261
87500525980985 262
87500625981938 263
87500725982893 264
87500825983848 265
87500925984802 266
87501025985757 267
87501125986712 268
87501225987666 269
87501325988620 270
87501425989575 271
87501525990530 272
87501625991485 273
87501725992439 274
87501825993394 275
87501925994348 276
87502025995303 277
87502125996257 278
87502225997212 279
87502325998167 280
87502425999122 281
87502526000076 282
87502626001030 283
87502726001985 284
87502826002940 285
87502926003894 286
87503026004849 287
87503126005804 288
87503226006759 289
87503326007713 290
87503426008668 291
87503526009623 292
87503626010577 293
87503649740124 304
87503726011532 294
87503749739590 305
87503826012486 295
87503849739057 306
87503926013441 296
87503949738523 307
87504026014396 297
87504049737989 308
87504126015351 298
87504149737455 309
87504226016305 299
87504249736921 310
87504326017260 300
87504349736388 311
87504426018215 301
87504449735854 312
87504526019170 302
87504549735320 313
87504626020125 303
87504649734786 314
87504749734252 315
87504849733719 316
87504949733185 317
87505049732652 318
87505149732117 319
87505249731583 320
87505349731050 321
87505449730516 322
87505549729983 323
87505649729449 324
87505749728915 325
87505849728381 326
87505949727847 327
87506049727314 328
87506149726780 329
87506249726247 330
87506349725712 331
87506449725179 332
87506549724645 333
87506649724111 334
87506749723578 335
87506849723044 336
87506949722511 337
87507049721976 338
87507149721443 339
87507249720909 340
87507349720376 341
87507449719842 342
87507549719308 343
87507649718774 344
87507749718240 345
87507849717707 346
87507949717173 347
87508049716640 348
87508149716106 349
87508249715573 350
87508349715039 351
87508449714504 352
87508549713971 353
87508649713437 354
87508749712904 355
87508849712370 356
87508949711837 357
87509049711303 358
87509149710770 359
87509249710235 360
87509349709702 361
87509449709168 362
87509549708634 363
87509649708101 364
87509749707567 365
87509849707034 366
87509949706500 367
87510049705967 368
87510149705433 369
87510249704899 370
87510349704365 371
87510449703832 372
87510549703298 373
87510649702765 374
87510749702231 375
87510849701697 376
87510949701164 377
87511049700630 378
87511149700097 379
87511249699563 380
87511349699030 381
87511449698495 382
87511549697962 383
87511649697428 384
87511749696895 385
87511849696361 386
87511949695828 387
87512049695294 388
87512149694761 389
87512249694227 390
87512349693694 391
87512449693160 392
87512549692626 393
87512649692093 394
87512749691559 395
87512849691026 396
87512949690492 397
87513049689958 398
87513149689424 399
87513249688891 400
87513349688357 401
87513449687824 402
87513549687290 403
87513649686757 404
87513749686223 405
87513849685690 406
87513949685156 407
87514049684623 408
87514149684089 409
87514249683556 410
87514349683022 411
87514449682489 412
87514549681955 413
87514649681422 414
87514749680888 415
87514849680355 416
87514949679821 417
87515049679288 418
87515149678754 419
87515249678221 420
87515349677687 421
87515449677154 422
87515549676620 423
87515649676087 424
87515749675553 425
87515849675020 426
87515949674486 427
87516049673953 428
87516149673419 429
87516249672886 430
87516349672352 431
87516449671819 432
87516549671285 433
87516649670752 434
87516749670218 435
87516849669685 436
87516949669151 437
87517049668618 438
87517149668084 439
87517249667551 440
87517349667017 441
87517449666484 442
87517549665950 443
87517649665417 444
87517749664883 445
87517849664350 446
87517949663816 447
87518049663283 448
87518149662749 449
87518249662216 450
87518349661682 451
87518449661149 452
87518549660615 453
87518649660082 454
87518749659549 455
87518849659016 456
87518949658482 457
87519049657949 458
87519149657415 459
87519249656882 460
87519349656348 461
87519449655815 462
87519549655281 463
87519649654748 464
87519749654215 465
87519849653681 466
87519949653148 467
87520049652614 468
87520149652081 469
87520249651547 470
87520349651015 471
87520449650481 472
87520549649948 473
87520649649414 474
87520749648881 475
87520849648347 476
87520949647814 477
87521049647280 478
87521149646747 479
87521249646213 480
87521349645680 481
87521449645147 482
87521549644614 483
87521649644081 484
87521749643547 485
87521849643014 486
87521949642480 487
87522049641947 488
87522149641413 489
87522249640880 490
87522349640346 491
87522449639813 492
87522549639281 493
87522649638747 494
87522749638214 495
87522849637680 496
87522949637147 497
87523049636613 498
87523149636080 499
87523249635546 500
87523349635014 501
87523449634480 502
87523549633947 503
87523649633414 504
87523749632880 505
87523849632347 506
87523949631813 507
87524049631280 508
87524149630747 509
87524249630214 510
87524349629680 511
87524449629147 512
87524549628614 513
87524649628080 514
87524749627547 515
87524849627014 516
87524949626481 517
87525049625947 518
87525149625414 519
87525249624880 520
87525349624347 521
87525449623815 522
87525549623281 523
87525649622748 524
87525749622214 525
87525849621681 526
87525949621147 527
87526049620615 528
87526149620082 529
87526249619548 530
87526349619015 531
87526449618481 532
87526549617948 533
87526649617415 534
87526749616882 535
87526849616349 536
87526949615815 537
87527049615282 538
87527149614749 539
87527249614216 540
87527349613682 541
87527449613149 542
87527549612616 543
87527649612083 544
87527749611550 545
87527849611016 546
87527949610483 547
87528049609949 548
87528149609417 549
87528249608884 550
87528349608350 551
87528449607817 552
87528549607283 553
87528649606751 554
87528749606218 555
87528849605684 556
87528949605151 557
87529049604617 558
87529149604085 559
87529249603551 560
87529349603018 561
87529449602485 562
87529549601952 563
87529649601419 564
87529749600885 565
87529849600352 566
87529949599820 567
87530049599286 568
87530149598753 569
87530249598219 570
87530349597687 571
87530449597154 572
87530549596620 573
87530649596087 574
87530749595554 575
87530849595021 576
87530949594488 577
87531049593954 578
87531149593422 579
87531249592888 580
87531349592355 581
87531449591822 582
87531549591289 583
87531649590756 584
87531749590222 585
87531849589689 586
87531949589157 587
87532049588623 588
87532149588090 589
87532249587556 590
87532349587024 591
87532449586491 592
87532549585957 593
87532649585425 594
87532749584891 595
87532849584358 596
87532949583825 597
87533049583292 598
87533149582759 599
87533249582226 600
87533349581693 601
87533449581160 602
87533549580626 603
87533649580093 604
87533749579561 605
87533849579027 606
87533949578494 607
87534049577962 608
87534149577428 609
87534249576895 610
87534349576362 611
87534449575829 612
87534549575296 613
87534649574763 614
87534749574230 615
87534849573697 616
87534949573164 617
87535049572631 618
87535149572097 619
87535249571565 620
87535349571032 621
87535449570498 622
87535549569966 623
87535649569433 624
87535749568899 625
87535849568367 626
87535949567833 627
87536049567300 628
87536149566768 629
87536249566234 630
87536349565701 631
87536449565169 632
87536549564635 633
87536649564102 634
87536749563570 635
87536849563036 636
87536949562503 637
87537049561970 638
87537149561437 639
87537249560904 640
87537349560371 641
87537449559838 642
87537549559305 643
87537649558772 644
87537749558239 645
87537849557707 646
87537949557173 647
87538049556640 648
87538149556108 649
87538249555574 650
87538349555041 651
87538449554509 652
87538549553975 653
87538649553443 654
87538749552909 655
87538849552376 656
87538949551844 657
87539049551310 658
87539149550778 659
87539249550245 660
87539349549711 661
87539449549179 662
87539549548646 663
87539649548113 664
87539749547580 665
87539849547047 666
87539949546514 667
87540049545981 668
87540149545449 669
87540249544915 670
87540349544382 671
87540449543850 672
87540549543316 673
87540649542784 674
87540749542251 675
87540849541717 676
87540949541185 677
87541049540652 678
87541149540119 679
87541249539586 680
87541349539054 681
87541449538520 682
87541549537987 683
87541649537455 684
87541749536921 685
87541849536389 686
87541949535856 687
87542049535323 688
87542149534790 689
87542249534258 690
87542349533724 691
87542449533191 692
87542549532659 693
87542649532125 694
87542749531593 695
87542849531060 696
87542949530527 697
87543049529994 698
87543149529462 699
87543249528929 700
87543349528396 701
87543449527863 702
87543549527330 703
87543649526797 704
87543749526264 705
87543849525732 706
87543949525198 707
87544049524666 708
87544149524133 709
87544249523600 710
87544349523067 711
87544449522535 712
87544549522001 713
87544649521469 714
87544749520936 715
87544849520404 716
87544949519870 717
87545049519338 718
87545149518805 719
87545249518272 720
87545349517739 721
87545449517207 722
87545549516673 723
87545649516141 724
87545749515608 725
87545849515075 726
87545949514542 727
87546049514010 728
87546149513477 729
87546249512944 730
87546349512411 731
87546449511879 732
87546549511345 733
87546649510813 734
87546749510280 735
87546849509748 736
87546949509214 737
87547049508682 738
87547149508149 739
87547249507616 740
87547349507083 741
87547449506551 742
87547549506017 743
87547649505485 744
87547749504953 745
87547849504420 746
87547949503887 747
87548049503354 748
87548149502822 749
87548249502288 750
87548349501756 751
87548449501223 752
87548549500691 753
87548649500157 754
87548749499625 755
87548849499093 756
87548949498560 757
87549049498027 758
87549149497494 759
87549249496962 760
87549349496428 761
87549449495896 762
87549549495364 763
87549649494831 764
87549749494298 765
87549849493765 766
87549949493233 767
87550049492700 768
87550149492167 769
87550249491635 770
87550349491102 771
87550449490569 772
87550549490036 773
87550649489504 774
87550749488971 775
87550849488438 776
87550949487906 777
87551049487373 778
87551149486841 779
87551249486307 780
87551349485775 781
87551449485243 782
87551549484710 783
87551649484177 784
87551749483644 785
87551849483112 786
87551949482579 787
87552049482046 788
87552149481514 789
87552249480981 790
87552349480448 791
87552449479916 792
87552549479383 793
87552649478851 794
87552749478318 795
87552849477785 796
87552949477253 797
87553049476720 798
87553149476187 799
87553249475655 800
87553349475122 801
87553449474590 802
87553549474057 803
87553649473524 804
87553749472992 805
87553849472459 806
87553949471926 807
87554049471394 808
87554149470861 809
87554249470329 810
87554349469796 811
87554449469263 812
87554549468731 813
87554649468199 814
87554749467665 815
87554849467133 816
87554949466601 817
87555049466068 818
87555149465536 819
87555249465003 820
87555349464470 821
87555449463938 822
87555549463406 823
87555649462872 824
87555749462340 825
87555849461808 826
87555949461275 827
87556049460742 828
87556149460210 829
87556249459677 830
87556349459145 831
87556449458613 832
87556549458079 833
87556649457547 834
87556749457015 835
87556849456482 836
87556949455949 837
87557049455417 838
87557149454885 839
87557249454352 840
87557349453819 841
87557449453287 842
87557549452754 843
87557649452222 844
87557749451690 845
87557849451156 846
87557949450624 847
87558049450092 848
87558149449560 849
87558249449027 850
87558349448494 851
87558449447962 852
87558549447429 853
87558649446897 854
87558749446364 855
87558849445832 856
87558949445299 857
87559049444767 858
87559149444235 859
87559249443702 860
87559349443169 861
87559449442637 862
87559549442105 863
87559649441572 864
87559749441039 865
87559849440507 866
87559949439975 867
87560049439442 868
87560149438910 869
87560249438377 870
87560349437845 871
87560449437312 872
87560549436780 873
87560649436248 874
87560749435715 875
87560849435182 876
87560949434650 877
87561049434118 878
87561149433586 879
87561249433052 880
87561349432520 881
87561449431988 882
87561549431456 883
87561649430924 884
87561749430390 885
87561849429858 886
87561949429326 887
87562049428794 888
87562149428261 889
87562249427728 890
87562349427196 891
87562449426664 892
87562549426132 893
87562649425599 894
87562749425066 895
87562849424534 896
87562949424002 897
87563049423470 898
87563149422937 899
87563249422405 900
87563349421872 901
87563449421340 902
87563549420808 903
87563649420275 904
87563749419743 905
87563849419210 906
87563949418678 907
87564049418146 908
87564149417613 909
87564249417081 910
87564349416549 911
87564449416016 912
87564549415484 913
87564649414951 914
87564749414419 915
87564849413887 916
87564949413355 917
87565049412822 918
87565149412290 919
87565249411757 920
87565349411225 921
87565449410693 922
87565549410161 923
87565649409628 924
87565749409096 925
87565849408563 926
87565949408031 927
87566049407499 928
87566149406967 929
87566249406434 930
87566349405902 931
87566449405370 932
87566549404837 933
87566649404305 934
87566749403773 935
87566849403240 936
87566949402708 937
87567049402176 938
87567149401644 939
87567249401111 940
87567349400579 941
87567449400046 942
87567549399514 943
87567649398982 944
87567749398450 945
87567849397918 946
87567949397386 947
87568049396853 948
87568149396320 949
87568249395788 950
87568349395256 951
87568449394724 952
87568549394192 953
87568649393660 954
87568749393127 955
87568849392595 956
87568949392062 957
87569049391530 958
87569149390998 959
87569249390466 960
87569349389934 961
87569449389401 962
87569549388869 963
87569649388337 964
87569749387805 965
87569849387273 966
87569949386740 967
87570049386208 968
87570149385676 969
87570249385143 970
87570349384611 971
87570449384079 972
87570549383547 973
87570649383015 974
87570749382483 975
87570849381951 976
87570949381418 977
87571049380886 978
87571149380354 979
87571249379821 980
87571349379289 981
87571449378757 982
87571549378225 983
87571649377693 984
87571749377160 985
87571849376628 986
87571949376096 987
87572049375564 988
87572149375032 989
87572249374500 990
87572349373968 991
87572449373436 992
87572549372903 993
87572649372371 994
87572749371839 995
87572849371307 996
87572949370775 997
87573049370243 998
87573149369710 999
87573249369178 1000
87573349368646 1001
87573449368113 1002
87573549367581 1003
87573649367049 1004
87573749366517 1005
87573849365985 1006
87573949365453 1007
87574049364921 1008
87574149364389 1009
87574249363856 1010
87574349363324 1011
87574449362792 1012
87574549362260 1013
87574649361728 1014
87574749361196 1015
87574849360664 1016
87574949360132 1017
87575049359600 1018
87575149359068 1019
87575249358535 1020
87575349358003 1021
87575449357471 1022
87575549356939 1023
87575649356407 1024
87575749355875 1025
87575849355343 1026
87575949354811 1027
87576049354279 1028
87576149353747 1029
87576249353214 1030
87576349352682 1031
87576449352150 1032
87576549351618 1033
87576649351086 1034
87576749350554 1035
87576849350022 1036
87576949349490 1037
87577049348958 1038
87577149348426 1039
87577249347894 1040
87577349347362 1041
87577449346830 1042
87577549346298 1043
87577649345766 1044
87577749345234 1045
87577849344702 1046
87577949344170 1047
87578049343638 1048
87578149343106 1049
87578249342574 1050
87578349342042 1051
87578449341510 1052
87578549340977 1053
87578649340445 1054
87578749339913 1055
87578849339381 1056
87578949338849 1057
87579049338317 1058
87579149337785 1059
87579249337254 1060
87579349336722 1061
87579449336190 1062
87579549335658 1063
87579649335126 1064
87579749334594 1065
87579849334061 1066
87579949333529 1067
87580049332997 1068
87580149332465 1069
87580249331933 1070
87580349331401 1071
87580449330869 1072
87580549330338 1073
87580649329806 1074
87580749329274 1075
87580849328742 1076
87580949328210 1077
87581049327678 1078
87581149327146 1079
87581249326614 1080
87581349326081 1081
87581449325549 1082
87581549325018 1083
87581649324486 1084
87581749323954 1085
87581849323422 1086
87581949322890 1087
87582049322358 1088
87582149321826 1089
87582249321294 1090
87582349320762 1091
87582449320231 1092
87582549319699 1093
87582649319167 1094
87582749318635 1095
87582849318103 1096
87582949317571 1097
87583049317039 1098
87583149316506 1099
87583249315975 1100
87583349315443 1101
87583449314911 1102
87583549314379 1103
87583649313847 1104
87583749313315 1105
87583849312783 1106
87583949312252 1107
87584049311720 1108
87584149311188 1109
87584249310656 1110
87584349310124 1111
87584449309592 1112
87584549309061 1113
87584649308529 1114
87584749307997 1115
87584849307465 1116
87584949306933 1117
87585049306401 1118
87585149305870 1119
87585249305338 1120
87585349304806 1121
87585449304274 1122
87585549303741 1123
87585649303209 1124
87585749302678 1125
87585849302146 1126
87585949301614 1127
87586049301082 1128
87586149300550 1129
87586249300018 1130
87586349299487 1131
87586449298955 1132
87586549298423 1133
87586649297891 1134
87586749297359 1135
87586849296828 1136
87586949296296 1137
87587049295764 1138
87587149295232 1139
87587249294700 1140
87587349294169 1141
87587449293637 1142
87587549293105 1143
87587649292573 1144
87587749292041 1145
87587849291510 1146
87587949290978 1147
87588049290446 1148
87588149289914 1149
87588249289383 1150
87588349288851 1151
87588449288319 1152
87588549287787 1153
87588649287255 1154
87588749286724 1155
87588849286192 1156
87588949285660 1157
87589049285128 1158
87589149284597 1159
87589249284065 1160
87589349283533 1161
87589449283001 1162
87589549282470 1163
87589649281938 1164
87589749281406 1165
87589849280874 1166
87589949280343 1167
87590049279811 1168
87590149279279 1169
87590249278747 1170
87590349278216 1171
87590449277684 1172
87590549277152 1173
87590649276620 1174
87590749276089 1175
87590849275557 1176
87590949275025 1177
87591049274493 1178
87591149273962 1179
87591249273430 1180
87591349272898 1181
87591449272366 1182
87591549271835 1183
87591649271303 1184
87591749270771 1185
87591849270240 1186
87591949269708 1187
87592049269176 1188
87592149268644 1189
87592249268113 1190
87592349267581 1191
87592449267049 1192
87592549266518 1193
87592649265986 1194
87592749265454 1195
87592849264922 1196
87592949264391 1197
87593049263859 1198
87593149263327 1199
87593249262796 1200
87593349262264 1201
87593449261732 1202
87593549261201 1203
87593649260669 1204
87593749260137 1205
87593849259605 1206
87593949259074 1207
87594049258542 1208
87594149258010 1209
87594249257479 1210
87594349256947 1211
87594449256415 1212
87594549255884 1213
87594649255352 1214
87594749254820 1215
87594849254289 1216
87594949253757 1217
87595049253225 1218
87595149252694 1219
87595249252162 1220
87595349251630 1221
87595449251100 1222
87595549250568 1223
87595649250036 1224
87595749249505 1225
87595849248973 1226
87595949248441 1227
87596049247910 1228
87596149247378 1229
87596249246847 1230
87596349246315 1231
87596449245783 1232
87596549245252 1233
87596649244720 1234
87596749244188 1235
87596849243657 1236
87596949243125 1237
87597049242593 1238
87597149242062 1239
87597249241530 1240
87597349240999 1241
87597449240467 1242
87597549239935 1243
87597649239404 1244
87597749238872 1245
87597849238341 1246
87597949237810 1247
87598049237278 1248
87598149236747 1249
87598249236215 1250
87598349235683 1251
87598449235152 1252
87598549234620 1253
87598649234089 1254
87598749233557 1255
87598849233025 1256
87598949232494 1257
87599049231962 1258
87599149231431 1259
87599249230899 1260
87599349230367 1261
87599449229836 1262
87599549229304 1263
87599649228774 1264
87599749228242 1265
87599849227710 1266
87599949227179 1267
87600049226647 1268
87600149226116 1269
87600249225584 1270
87600349225052 1271
87600449224521 1272
87600549223989 1273
87600649223458 1274
87600749222926 1275
87600849222395 1276
87600949221863 1277
87601049221331 1278
87601149220801 1279
87601249220269 1280
87601349219738 1281
87601449219206 1282
87601549218675 1283
87601649218143 1284
87601749217612 1285
87601849217080 1286
87601949216548 1287
87602049216017 1288
87602149215485 1289
87602249214954 1290
87602349214422 1291
87602449213892 1292
87602549213360 1293
87602649212829 1294
87602749212297 1295
87602849211766 1296
87602949211234 1297
87603049210703 1298
87603149210171 1299
87603249209639 1300
87603349209108 1301
87603449208576 1302
87603549208045 1303
87603649207514 1304
87603749206983 1305
87603849206451 1306
87603949205920 1307
87604049205388 1308
87604149204857 1309
87604249204325 1310
87604349203794 1311
87604449203262 1312
87604549202731 1313
87604649202199 1314
87604749201669 1315
87604849201137 1316
87604949200606 1317
87605049200074 1318
87605149199543 1319
87605249199011 1320
87605349198480 1321
87605449197948 1322
87605549197417 1323
87605649196885 1324
87605749196355 1325
87605849195823 1326
87605949195292 1327
87606049194760 1328
87606149194229 1329
87606249193697 1330
87606349193166 1331
87606449192634 1332
87606549192103 1333
87606649191572 1334
87606749191041 1335
87606849190510 1336
87606949189978 1337
87607049189447 1338
87607149188915 1339
87607249188384 1340
87607349187852 1341
87607449187321 1342
87607549186789 1343
87607649186259 1344
87607749185727 1345
87607849185196 1346
87607949184665 1347
87608049184133 1348
87608149183602 1349
87608249183070 1350
87608349182539 1351
87608449182008 1352
87608549181477 1353
87608649180945 1354
87608749180414 1355
87608849179883 1356
87608949179351 1357
87609049178820 1358
87609149178288 1359
87609249177758 1360
87609349177226 1361
87609449176695 1362
87609549176164 1363
87609649175632 1364
87609749175101 1365
87609849174569 1366
87609949174038 1367
87610049173508 1368
87610149172976 1369
87610249172445 1370
87610349171913 1371
87610449171382 1372
87610549170850 1373
87610649170319 1374
87610749169789 1375
87610849169257 1376
87610949168726 1377
87611049168194 1378
87611149167663 1379
87611249167132 1380
87611349166600 1381
87611449166069 1382
87611549165539 1383
87611649165007 1384
87611749164476 1385
87611849163944 1386
87611949163413 1387
87612049162882 1388
87612149162350 1389
87612249161820 1390
87612349161288 1391
87612449160757 1392
87612549160226 1393
87612649159694 1394
87612749159163 1395
87612849158633 1396
87612949158101 1397
87613049157570 1398
87613149157039 1399
87613249156507 1400
87613349155976 1401
87613449155444 1402
87613549154914 1403
87613649154383 1404
87613749153851 1405
87613849153320 1406
87613949152789 1407
87614049152257 1408
87614149151727 1409
87614249151196 1410
87614349150664 1411
87614449150133 1412
87614549149602 1413
87614649149070 1414
87614749148540 1415
87614849148009 1416
87614949147477 1417
87615049146946 1418
87615149146415 1419
87615249145883 1420
87615349145353 1421
87615449144822 1422
87615549144290 1423
87615649143759 1424
87615749143228 1425
87615849142696 1426
87615949142166 1427
87616049141635 1428
87616149141103 1429
87616249140572 1430
87616349140041 1431
87616449139510 1432
87616549138979 1433
87616649138448 1434
87616749137917 1435
87616849137385 1436
87616949136854 1437
87617049136323 1438
87617149135792 1439
87617249135261 1440
87617349134730 1441
87617449134199 1442
87617549133667 1443
87617649133137 1444
87617749132606 1445
87617849132074 1446
87617949131543 1447
87618049131012 1448
87618149130481 1449
87618249129950 1450
87618349129419 1451
87618449128888 1452
87618549128357 1453
87618649127825 1454
87618749127295 1455
87618849126764 1456
87618949126232 1457
87619049125701 1458
87619149125170 1459
87619249124640 1460
87619349124108 1461
87619449123577 1462
87619549123046 1463
87619649122515 1464
87619749121984 1465
87619849121453 1466
87619949120922 1467
87620049120391 1468
87620149119859 1469
87620249119329 1470
87620349118798 1471
87620449118267 1472
87620549117735 1473
87620649117204 1474
87620749116674 1475
87620849116143 1476
87620949115612 1477
87621049115080 1478
87621149114549 1479
87621249114019 1480
87621349113488 1481
87621449112956 1482
87621549112425 1483
87621649111894 1484
87621749111364 1485
87621849110833 1486
87621949110301 1487
87622049109770 1488
87622149109239 1489
87622249108709 1490
87622349108177 1491
87622449107646 1492
87622549107115 1493
87622649106585 1494
87622749106054 1495
87622849105522 1496
87622949104991 1497
87623049104460 1498
87623149103930 1499
87623249103399 1500
87623349102868 1501
87623449102336 1502
87623549101805 1503
87623649101275 1504
87623749100744 1505
87623849100213 1506
87623949099681 1507
87624049099151 1508
87624149098620 1509
87624249098089 1510
87624349097558 1511
87624449097028 1512
87624549096496 1513
87624649095965 1514
87624749095434 1515
87624849094903 1516
87624949094373 1517
87625049093842 1518
87625149093310 1519
87625249092779 1520
87625349092249 1521
87625449091718 1522
87625549091187 1523
87625649090656 1524
87625749090125 1525
87625849089594 1526
87625949089063 1527
87626049088532 1528
87626149088001 1529
87626249087471 1530
87626349086940 1531
87626449086408 1532
87626549085877 1533
87626649085347 1534
87626749084816 1535
87626849084285 1536
87626949083754 1537
87627049083224 1538
87627149082693 1539
87627249082161 1540
87627349081630 1541
87627449081100 1542
87627549080569 1543
87627649080038 1544
87627749079507 1545
87627849078977 1546
87627949078446 1547
87628049077914 1548
87628149077383 1549
87628249076853 1550
87628349076322 1551
87628449075791 1552
87628549075260 1553
87628649074730 1554
87628749074199 1555
87628849073668 1556
87628949073137 1557
87629049072606 1558
87629149072075 1559
87629249071544 1560
87629349071014 1561
87629449070483 1562
87629549069952 1563
87629649069421 1564
87629749068891 1565
87629849068360 1566
87629949067829 1567
87630049067298 1568
87630149066768 1569
87630249066236 1570
87630349065705 1571
87630449065174 1572
87630549064644 1573
87630649064113 1574
87630749063582 1575
87630849063052 1576
87630949062521 1577
87631049061990 1578
87631149061459 1579
87631249060929 1580
87631349060398 1581
87631449059867 1582
87631549059336 1583
87631649058806 1584
87631749058275 1585
87631849057744 1586
87631949057213 1587
87632049056682 1588
87632149056151 1589
87632249055620 1590
87632349055090 1591
87632449054559 1592
87632549054028 1593
87632649053498 1594
87632749052967 1595
87632849052436 1596
87632949051905 1597
87633049051375 1598
87633149050844 1599
87633249050313 1600
87633349049783 1601
87633449049252 1602
87633549048721 1603
87633649048190 1604
87633749047660 1605
87633849047129 1606
87633949046598 1607
87634049046068 1608
87634149045537 1609
87634249045006 1610
87634349044475 1611
87634449043945 1612
87634549043414 1613
87634649042883 1614
87634749042353 1615
87634849041822 1616
87634949041291 1617
87635049040761 1618
87635149040230 1619
87635249039699 1620
87635349039168 1621
87635449038638 1622
87635549038107 1623
87635649037576 1624
87635749037046 1625
87635849036515 1626
87635949035984 1627
87636049035454 1628
87636149034923 1629
87636249034392 1630
87636349033861 1631
87636449033331 1632
87636549032800 1633
87636649032269 1634
87636749031739 1635
87636849031208 1636
87636949030677 1637
87637049030147 1638
87637149029616 1639
87637249029086 1640
87637349028556 1641
87637449028025 1642
87637549027494 1643
87637649026964 1644
87637749026433 1645
87637849025902 1646
87637949025371 1647
87638049024841 1648
87638149024310 1649
87638249023779 1650
87638349023249 1651
87638449022718 1652
87638549022187 1653
87638649021657 1654
87638749021126 1655
87638849020595 1656
87638949020066 1657
87639049019535 1658
87639149019004 1659
87639249018474 1660
87639349017943 1661
87639449017412 1662
87639549016882 1663
87639649016351 1664
87639749015820 1665
87639849015290 1666
87639949014759 1667
87640049014228 1668
87640149013699 1669
87640249013168 1670
87640349012637 1671
87640449012107 1672
87640549011576 1673
87640649011045 1674
87640749010515 1675
87640849009984 1676
87640949009453 1677
87641049008923 1678
87641149008393 1679
87641249007862 1680
87641349007332 1681
87641449006801 1682
87641549006270 1683
87641649005740 1684
87641749005209 1685
87641849004678 1686
87641949004148 1687
87642049003618 1688
87642149003087 1689
87642249002557 1690
87642349002026 1691
87642449001496 1692
87642549000965 1693
87642649000434 1694
87642748999905 1695
87642848999374 1696
87642948998843 1697
87643048998313 1698
87643148997782 1699
87643248997251 1700
87643348996721 1701
87643448996191 1702
87643548995660 1703
87643648995130 1704
87643748994599 1705
87643848994068 1706
87643948993538 1707
87644048993007 1708
87644148992478 1709
87644248991947 1710
87644348991416 1711
87644448990886 1712
87644548990355 1713
87644648989824 1714
87644748989295 1715
87644848988764 1716
87644948988233 1717
87645048987703 1718
87645148987172 1719
87645248986643 1720
87645348986112 1721
87645448985581 1722
87645548985051 1723
87645648984520 1724
87645748983989 1725
87645848983460 1726
87645948982929 1727
87646048982399 1728
87646148981868 1729
87646248981337 1730
87646348980808 1731
87646448980277 1732
87646548979746 1733
87646648979216 1734
87646748978685 1735
87646848978156 1736
87646948977625 1737
87647048977094 1738
87647148976564 1739
87647248976033 1740
87647348975503 1741
87647448974973 1742
87647548974442 1743
87647648973912 1744
87647748973382 1745
87647848972851 1746
87647948972321 1747
87648048971790 1748
87648148971260 1749
87648248970730 1750
87648348970199 1751
87648448969669 1752
87648548969138 1753
87648648968608 1754
87648748968078 1755
87648848967547 1756
87648948967017 1757
87649048966487 1758
87649148965956 1759
87649248965426 1760
87649348964895 1761
87649448964366 1762
87649548963835 1763
87649648963304 1764
87649748962774 1765
87649848962244 1766
87649948961714 1767
87650048961183 1768
87650148960652 1769
87650248960123 1770
87650348959592 1771
87650448959062 1772
87650548958531 1773
87650648958001 1774
87650748957471 1775
87650848956940 1776
87650948956410 1777
87651048955880 1778
87651148955349 1779
87651248954819 1780
87651348954289 1781
87651448953759 1782
87651548953228 1783
87651648952698 1784
87651748952168 1785
87651848951637 1786
87651948951107 1787
87652048950577 1788
87652148950047 1789
87652248949516 1790
87652348948986 1791
87652448948456 1792
87652548947925 1793
87652648947395 1794
87652748946865 1795
87652848946335 1796
87652948945804 1797
87653048945274 1798
87653148944744 1799
87653248944213 1800
87653348943684 1801
87653448943153 1802
87653548942622 1803
87653648942093 1804
87653748941562 1805
87653848941032 1806
87653948940502 1807
87654048939972 1808
87654148939441 1809
87654248938910 1810
87654348938381 1811
87654448937850 1812
87654548937320 1813
87654648936790 1814
87654748936260 1815
87654848935730 1816
87654948935199 1817
87655048934669 1818
87655148934139 1819
87655248933609 1820
87655348933078 1821
87655448932549 1822
87655548932018 1823
87655648931488 1824
87655748930958 1825
87655848930427 1826
87655948929897 1827
87656048929367 1828
87656148928837 1829
87656248928306 1830
87656348927777 1831
87656448927246 1832
87656548926716 1833
87656648926186 1834
87656748925655 1835
87656848925126 1836
87656948924595 1837
87657048924065 1838
87657148923535 1839
87657248923005 1840
87657348922475 1841
87657448921945 1842
87657548921414 1843
87657648920884 1844
87657748920354 1845
87657848919824 1846
87657948919294 1847
87658048918763 1848
87658148918234 1849
87658248917703 1850
87658348917173 1851
87658448916643 1852
87658548916113 1853
87658648915583 1854
87658748915052 1855
87658848914523 1856
87658948913992 1857
87659048913462 1858
87659148912932 1859
87659248912402 1860
87659348911872 1861
87659448911342 1862
87659548910811 1863
87659648910282 1864
87659748909751 1865
87659848909222 1866
87659948908691 1867
87660048908161 1868
87660148907631 1869
87660248907100 1870
87660348906571 1871
87660448906040 1872
87660548905511 1873
87660648904980 1874
87660748904451 1875
87660848903920 1876
87660948903390 1877
87661048902860 1878
87661148902330 1879
87661248901800 1880
87661348901270 1881
87661448900740 1882
87661548900210 1883
87661648899680 1884
87661748899150 1885
87661848898620 1886
87661948898089 1887
87662048897559 1888
87662148897029 1889
87662248896499 1890
87662348895969 1891
87662448895439 1892
87662548894909 1893
87662648894379 1894
87662748893849 1895
87662848893319 1896
87662948892789 1897
87663048892259 1898
87663148891729 1899
87663248891199 1900
87663348890669 1901
87663448890139 1902
87663548889609 1903
87663648889079 1904
87663748888549 1905
87663848888019 1906
87663948887489 1907
87664048886959 1908
87664148886429 1909
87664248885899 1910
87664348885369 1911
87664448884839 1912
87664548884309 1913
87664648883779 1914
87664748883249 1915
87664848882719 1916
87664948882189 1917
87665048881659 1918
87665148881129 1919
87665248880599 1920
87665348880069 1921
87665448879539 1922
87665548879009 1923
87665648878479 1924
87665748877949 1925
87665848877419 1926
87665948876889 1927
87666048876359 1928
87666148875829 1929
87666248875299 1930
87666348874769 1931
87666448874239 1932
87666548873709 1933
87666648873179 1934
87666748872649 1935
87666848872120 1936
87666948871589 1937
87667048871060 1938
87667148870529 1939
87667248870000 1940
87667348869469 1941
87667448868940 1942
87667548868409 1943
87667648867880 1944
87667748867350 1945
87667848866820 1946
87667948866291 1947
87668048865760 1948
87668148865231 1949
87668248864700 1950
87668348864171 1951
87668448863640 1952
87668548863111 1953
87668648862581 1954
87668748862051 1955
87668848861521 1956
87668948860991 1957
87669048860461 1958
87669148859932 1959
87669248859401 1960
87669348858872 1961
87669448858341 1962
87669548857812 1963
87669648857281 1964
87669748856752 1965
87669848856223 1966
87669948855692 1967
87670048855163 1968
87670148854632 1969
87670248854103 1970
87670348853573 1971
87670448853043 1972
87670548852513 1973
87670648851983 1974
87670748851453 1975
87670848850924 1976
87670948850393 1977
87671048849864 1978
87671148849334 1979
87671248848804 1980
87671348848275 1981
87671448847744 1982
87671548847215 1983
87671648846685 1984
87671748846155 1985
87671848845625 1986
87671948845095 1987
87672048844565 1988
87672148844036 1989
87672248843506 1990
87672348842976 1991
87672448842447 1992
87672548841916 1993
87672648841387 1994
87672748840857 1995
87672848840327 1996
87672948839797 1997
