
6864341.261356 705814.909841 531869.683934
6749250.741328 1223726.295671 922143.906320
6573037.961439 1730555.426669 1304067.050694
6337298.731912 2221712.379739 1674180.361916
6044167.943713 2692749.161458 2029132.036528
5696300.234653 3139399.989788 2365707.577198
5296845.948574 3557619.925663 2680858.903710
4849422.605348 3943621.504580 2971731.956848
4358082.140057 4293909.036466 3235692.545202
3827274.208039 4605310.263190 3470350.200807
3261805.888126 4875005.087020 3673579.827596
2666798.148986 5100551.109869 3843540.946598
2047639.472845 5279905.752028 3978694.363601
1409937.056553 5411444.750082 4077816.108332
759466.031943 5493976.866496 4140008.518919
102117.165342 5526754.677645 4164708.371264
-556156.490122 5509481.342593 4151691.979677
-1209393.506289 5442313.291339 4101077.222617
-1851678.067583 5325858.808155 4013322.475161
-2477193.545558 5161172.522875 3889222.457891
-3080275.175182 4949745.860000 3729901.039783
-3655461.355826 4693493.532130 3536801.060268
-4197543.112370 4394736.200028 3311671.262664
-4701611.268483 4056179.456356 3056550.457281
-5163100.904886 3680889.323413 2773749.057638
-5577832.699968 3272264.486757 2465828.157003
-5942050.778371 2834005.516187 2135576.334736
-6252456.724775 2370081.352805 1785984.402479
-6506239.454863 1884693.365676 1420218.318907
-6701100.672932 1382237.303575 1041590.518312
-6835275.685615 867263.486409 653529.912690
-6907549.383221 344435.596810 259550.838976
-6917267.243952 -181511.554890 -136778.767328
-6864341.261356 -705814.909841 -531869.683934
-6749250.741328 -1223726.295671 -922143.906320
-6573037.961439 -1730555.426669 -1304067.050694
-6337298.731912 -2221712.379739 -1674180.361916
-6044167.943713 -2692749.161458 -2029132.036528
-5696300.234653 -3139399.989788 -2365707.577198
-5296845.948574 -3557619.925663 -2680858.903710
-4849422.605348 -3943621.504580 -2971731.956848
-4358082.140057 -4293909.036466 -3235692.545202
-3827274.208039 -4605310.263190 -3470350.200807
-3261805.888126 -4875005.087020 -3673579.827596
-2666798.148986 -5100551.109869 -3843540.946598
-2047639.472845 -5279905.752028 -3978694.363601
-1409937.056553 -5411444.750082 -4077816.108332
-759466.031943 -5493976.866496 -4140008.518919
-102117.165342 -5526754.677645 -4164708.371264
556156.490122 -5509481.342593 -4151691.979677
1209393.506289 -5442313.291339 -4101077.222617
1851678.067583 -5325858.808155 -4013322.475161
2477193.545558 -5161172.522875 -3889222.457891
3080275.175182 -4949745.860000 -3729901.039783
3655461.355826 -4693493.532130 -3536801.060268
4197543.112370 -4394736.200028 -3311671.262664
4701611.268483 -4056179.456356 -3056550.457281
5163100.904886 -3680889.323413 -2773749.057638
5577832.699968 -3272264.486757 -2465828.157003
5942050.778371 -2834005.516187 -2135576.334736
6252456.724775 -2370081.352805 -1785984.402479
6506239.454863 -1884693.365676 -1420218.318907
6701100.672932 -1382237.303575 -1041590.518312
6835275.685615 -867263.486409 -653529.912690
6907549.383221 -344435.596810 -259550.838976
6917267.243952 181511.554890 136778.767328
6770215.458188 987444.736746 -1043732.025752
6726859.565286 1499930.025648 -632306.339581
6622584.190481 1998831.715969 -215154.389284
6458333.667714 2479631.676742 203946.032480
6235595.475155 2937975.709071 621199.487391
5956386.764367 3369712.978422 1032827.263550
5623236.092671 3770933.605227 1435101.596073
5239160.524141 4138004.073359 1824379.426311
4807638.306600 4467600.135817 2197135.393953
4332577.372073 4756736.919621 2549993.763231
3818279.945948 5002795.957281 2879758.994114
3269403.585358 5203548.900050 3183444.681604
2690918.999619 5357177.698191 3458300.601089
2088065.034720 5462291.065518 3701837.614799
1466301.229522 5517937.079098 3911850.213826
831258.373327 5523611.800017 4086436.491552
188687.512580 5479263.837122 4224015.367610
-455592.131501 5385294.812433 4323340.906394
-1095745.862688 5242555.723989 4383513.600443
-1725976.349662 5052339.239079 4403988.516523
-2340576.127540 4816367.987646 4384580.230623
-2933979.285559 4536778.961883 4325464.507186
-3500811.872831 4216104.163305 4227176.707356
-4035940.565668 3857247.672543 4090606.940670
-4534519.155761 3463459.349549 3916992.004084
-4992032.438192 3038305.402356 3707904.181347
-5404337.101828 2585636.090946 3465237.004161
-5767699.251787 2109550.858700 3191188.104060
-6078828.224172 1614361.207206 2888239.310320
-6334906.386829 1104551.650630 2559134.174132
-6533614.656262 584739.103262 2206853.122571
-6673153.499612 59631.068025 1834586.467392
-6752259.231507 -466016.995398 1445705.513072
-6770215.458188 -987444.736746 1043732.025752
-6726859.565286 -1499930.025648 632306.339581
-6622584.190481 -1998831.715969 215154.389284
-6458333.667714 -2479631.676742 -203946.032480
-6235595.475155 -2937975.709071 -621199.487391
-5956386.764367 -3369712.978422 -1032827.263550
-5623236.092671 -3770933.605227 -1435101.596073
-5239160.524141 -4138004.073359 -1824379.426311
-4807638.306600 -4467600.135817 -2197135.393953
-4332577.372073 -4756736.919621 -2549993.763231
-3818279.945948 -5002795.957281 -2879758.994114
-3269403.585358 -5203548.900050 -3183444.681604
-2690918.999619 -5357177.698191 -3458300.601089
-2088065.034720 -5462291.065518 -3701837.614799
-1466301.229522 -5517937.079098 -3911850.213826
-831258.373327 -5523611.800017 -4086436.491552
-188687.512580 -5479263.837122 -4224015.367610
455592.131501 -5385294.812433 -4323340.906394
1095745.862688 -5242555.723989 -4383513.600443
1725976.349662 -5052339.239079 -4403988.516523
2340576.127540 -4816367.987646 -4384580.230623
2933979.285559 -4536778.961883 -4325464.507186
3500811.872831 -4216104.163305 -4227176.707356
4035940.565668 -3857247.672543 -4090606.940670
4534519.155761 -3463459.349549 -3916992.004084
4992032.438192 -3038305.402356 -3707904.181347
5404337.101828 -2585636.090946 -3465237.004161
5767699.251787 -2109550.858700 -3191188.104060
6078828.224172 -1614361.207206 -2888239.310320
6334906.386829 -1104551.650630 -2559134.174132
6533614.656262 -584739.103262 -2206853.122571
6673153.499612 -59631.068025 -1834586.467392
6752259.231507 466016.995398 -1445705.513072
6311480.423364 1266449.422574 -2541960.213212
6345055.322436 1772146.162421 -2121323.156485
6321168.417953 2261794.072197 -1681475.068757
6240036.033419 2730958.824608 -1226399.282424
6102392.916273 3175391.591004 -760217.034276
5909485.583898 3591067.519430 -287150.142944
5663061.034969 3974222.184310 188517.224549
5365350.928361 4321385.677665 662477.350864
5019051.372900 4629414.033140 1130437.979703
4627298.510987 4895517.698248 1588161.187144
4193640.117204 5117286.796992 2031501.760942
3722003.469118 5292712.954070 2456444.740207
3216659.781249 5420207.483040 2859141.775515
2682185.524289 5498615.773703 3235945.980155
2123420.979874 5527227.748438 3583444.956900
1545426.406246 5505784.292770 3898491.701205
953436.211768 5434479.601956 4178233.100967
352811.551312 5313959.422316 4420135.774752
-251008.225186 5145315.203260 4622009.014486
-852554.832327 4930074.212953 4782024.624848
-1446380.570886 4670185.707131 4898733.479694
-2027107.663017 4368003.276350 4971078.645559
-2589476.954246 4026263.531496 4998404.953420
-3128395.541188 3648061.320619 4980464.932000
-3638982.893664 3236821.701506 4917421.048912
-4116615.053544 2796268.923830 4809844.239324
-4556966.510027 2330392.701766 4658708.735481
-4956049.372130 1843412.082525 4465383.243911
-5310249.483657 1339737.238006 4231618.550203
-5616359.153547 823929.525595 3959531.663622
-5871606.205228 300660.179812 3651586.645146
-6073679.081873 -225331.991117 3310572.292549
-6220747.780221 -749283.520642 2939576.884617
-6311480.423364 -1266449.422574 2541960.213212
-6345055.322436 -1772146.162421 2121323.156485
-6321168.417953 -2261794.072197 1681475.068757
-6240036.033419 -2730958.824608 1226399.282424
-6102392.916273 -3175391.591004 760217.034276
-5909485.583898 -3591067.519430 287150.142944
-5663061.034969 -3974222.184310 -188517.224549
-5365350.928361 -4321385.677665 -662477.350864
-5019051.372900 -4629414.033140 -1130437.979703
-4627298.510987 -4895517.698248 -1588161.187144
-4193640.117204 -5117286.796992 -2031501.760942
-3722003.469118 -5292712.954070 -2456444.740207
-3216659.781249 -5420207.483040 -2859141.775515
-2682185.524289 -5498615.773703 -3235945.980155
-2123420.979874 -5527227.748438 -3583444.956900
-1545426.406246 -5505784.292770 -3898491.701205
-953436.211768 -5434479.601956 -4178233.100967
-352811.551312 -5313959.422316 -4420135.774752
251008.225186 -5145315.203260 -4622009.014486
852554.832327 -4930074.212952 -4782024.624848
1446380.570886 -4670185.707131 -4898733.479694
2027107.663017 -4368003.276350 -4971078.645559
2589476.954246 -4026263.531496 -4998404.953420
3128395.541188 -3648061.320619 -4980464.932000
3638982.893664 -3236821.701506 -4917421.048912
4116615.053544 -2796268.923830 -4809844.239324
4556966.510027 -2330392.701766 -4658708.735481
4956049.372130 -1843412.082525 -4465383.243911
5310249.483657 -1339737.238006 -4231618.550203
5616359.153547 -823929.525595 -3959531.663622
5871606.205228 -300660.179812 -3651586.645146
6073679.081873 225331.991117 -3310572.292549
6220747.780221 749283.520642 -2939576.884617
5521257.496872 1542087.227930 -3877876.175781
5635315.797294 2039651.014083 -3461687.537246
5698339.805205 2518743.404805 -3014149.320317
5709758.765430 2975025.665215 -2539314.500392
5669469.266098 3404365.632508 -2041483.255128
5577836.175153 3802875.137453 -1525164.021374
5435689.336057 4166945.216264 -995032.666066
5244316.052596 4493278.793928 -455890.140848
5005449.430860 4778920.543034 87380.996081
4721252.683965 5021283.647668 629860.797178
4394299.541660 5218173.230023 1166636.481360
4027550.942232 5367806.227553 1692846.924908
3624328.217789 5468827.540661 2203726.684561
3188283.015765 5520322.304692 2694649.154102
2723364.229032 5521824.175089 3161168.463628
2233782.234118 5473319.550680 3599059.742027
1723970.761382 5375247.696856 4004357.378075
1198546.742467 5228496.767512 4373390.933617
662268.498653 5034395.761788 4702818.383628
119992.648760 4794702.488450 4989656.382107
-423369.873141 4511587.646898 5231307.279722
-962898.291911 4187615.168980 5425582.648524
-1493706.554640 3825718.999623 5570723.100689
-2010987.579505 3429176.526578 5665414.221806
-2510056.789440 3001578.899887 5708798.474420
-2986394.536398 2546798.509873 5700482.964020
-3435687.031980 2068953.918172 5640542.997156
-3853865.413772 1572372.559403 5529521.399450
-4237142.593590 1061551.551248 5368423.599683
-4582047.553943 541116.967859 5158708.524476
-4885456.782099 15781.945416 4902275.386026
-5144622.557106 -509696.000769 4601446.482544
-5357197.833571 -1030558.061043 4258946.167165
-5521257.496872 -1542087.227930 3877876.175781
-5635315.797294 -2039651.014083 3461687.537246
-5698339.805205 -2518743.404805 3014149.320317
-5709758.765430 -2975025.665215 2539314.500392
-5669469.266098 -3404365.632508 2041483.255128
-5577836.175153 -3802875.137453 1525164.021374
-5435689.336057 -4166945.216264 995032.666066
-5244316.052596 -4493278.793928 455890.140848
-5005449.430860 -4778920.543034 -87380.996081
-4721252.683965 -5021283.647668 -629860.797178
-4394299.541660 -5218173.230023 -1166636.481360
-4027550.942232 -5367806.227553 -1692846.924908
-3624328.217789 -5468827.540661 -2203726.684561
-3188283.015765 -5520322.304692 -2694649.154102
-2723364.229032 -5521824.175089 -3161168.463628
-2233782.234118 -5473319.550680 -3599059.742027
-1723970.761382 -5375247.696856 -4004357.378075
-1198546.742467 -5228496.767512 -4373390.933617
-662268.498653 -5034395.761788 -4702818.383628
-119992.648760 -4794702.488450 -4989656.382107
423369.873141 -4511587.646898 -5231307.279722
962898.291911 -4187615.168980 -5425582.648524
1493706.554640 -3825718.999623 -5570723.100689
2010987.579505 -3429176.526578 -5665414.221806
2510056.789440 -3001578.899887 -5708798.474420
2986394.536398 -2546798.509873 -5700482.964020
3435687.031980 -2068953.918172 -5640542.997156
3853865.413772 -1572372.559403 -5529521.399450
4237142.593590 -1061551.551248 -5368423.599683
4582047.553943 -541116.967859 -5158708.524476
4885456.782099 -15781.945416 -4902275.386026
5144622.557106 509696.000769 -4601446.482544
5357197.833571 1030558.061043 -4258946.167165
4452481.780630 1813625.364338 -4978595.186494
4648286.081690 2301733.413774 -4582106.589188
4801994.784188 2768996.608984 -4144121.725054
4912215.878314 3211183.342112 -3668607.052844
4977951.184771 3624289.101630 -3159868.907066
4998605.394443 4004572.737809 -2622514.499148
4973991.459610 4348590.343151 -2061410.193819
4904332.287877 4653226.440950 -1481637.438558
4790258.723490 4915722.199529 -888446.745215
4632803.834314 5133700.416651 -287210.140569
4433393.556207 5305187.047826 316627.483586
4193833.779526 5428629.083568 917597.680219
3916293.994708 5502908.613685 1510257.970166
3603287.645019 5527352.951250 2089241.130065
3257649.364435 5501740.724557 2649303.798765
2882509.306747 5426303.881896 3185373.962007
2481264.798409 5301725.590998 3692596.885383
2057549.571824 5129134.052154 4166379.079551
1615200.857697 4910092.281068 4602429.899595
1158224.634482 4646583.953938 4996800.401765
690759.349622 4340995.442980 5345919.105723
217038.441125 3996094.205071 5646624.338423
-258648.001104 3615003.719230 5896192.866713
-731992.086982 3201175.199911 6092364.559354
-1198707.139169 2758356.342266 6233362.855120
-1654566.513879 2290557.382445 6317910.851609
-2095441.878024 1802014.780266 6345242.869073
-2517340.596034 1297152.853188 6315111.384531
-2916441.887786 780543.709003 6227789.273370
-3289131.430180 256865.840119 6084067.338153
-3632034.089008 -269138.245590 5885247.146980
-3942044.484692 -792704.973670 5633129.246292
-4216355.115082 -1309092.842755 5329996.854837
-4452481.780630 -1813625.364338 4978595.186494
-4648286.081690 -2301733.413774 4582106.589188
-4801994.784188 -2768996.608984 4144121.725054
-4912215.878314 -3211183.342112 3668607.052844
-4977951.184771 -3624289.101630 3159868.907066
-4998605.394443 -4004572.737809 2622514.499148
-4973991.459610 -4348590.343151 2061410.193819
-4904332.287877 -4653226.440950 1481637.438558
-4790258.723490 -4915722.199529 888446.745215
-4632803.834314 -5133700.416651 287210.140569
-4433393.556207 -5305187.047826 -316627.483586
-4193833.779526 -5428629.083568 -917597.680219
-3916293.994708 -5502908.613685 -1510257.970166
-3603287.645019 -5527352.951250 -2089241.130065
-3257649.364435 -5501740.724557 -2649303.798765
-2882509.306747 -5426303.881896 -3185373.962007
-2481264.798409 -5301725.590998 -3692596.885383
-2057549.571824 -5129134.052154 -4166379.079551
-1615200.857697 -4910092.281068 -4602429.899595
-1158224.634482 -4646583.953938 -4996800.401765
-690759.349622 -4340995.442981 -5345919.105723
-217038.441125 -3996094.205071 -5646624.338423
258648.001104 -3615003.719230 -5896192.866713
731992.086982 -3201175.199911 -6092364.559354
1198707.139169 -2758356.342266 -6233362.855120
1654566.513879 -2290557.382445 -6317910.851609
2095441.878024 -1802014.780266 -6345242.869073
2517340.596034 -1297152.853188 -6315111.384531
2916441.887786 -780543.709003 -6227789.273370
3289131.430180 -256865.840119 -6084067.338153
3632034.089008 269138.245590 -5885247.146980
3942044.484692 792704.973670 -5633129.246292
4216355.115082 1309092.842755 -5329996.854837
3173804.592492 2080341.942369 -5787865.134184
3449659.724093 2557696.610327 -5427547.958102
3694274.203039 3011888.381713 -5018078.067235
3905432.762731 3438804.025512 -4563163.684322
4081223.118551 3834577.327544 -4066924.584461
4220053.285818 4195624.103498 -3533854.785784
4320665.997036 4518674.657863 -2968781.850936
4382150.087914 4800803.394792 -2376823.167918
4403948.749002 5039455.312755 -1763339.606232
4385864.568252 5232469.143027 -1133886.968012
4328061.318803 5378096.922471 -494165.673823
4231062.475835 5475019.823367 150030.861232
4095746.475889 5522360.096915 792868.693574
3923338.761615 5519689.022266 1428526.184249
3715400.683972 5467030.789087 2051246.720587
3473815.362391 5364862.278491 2655390.848979
3200770.630955 5214108.744331 3235487.346646
2898739.225033 5016135.433958 3786282.769874
2570456.387808 4772735.224328 4302789.030017
2218895.099491 4486112.385429 4780328.566401
1847239.153548 4158862.618077 5214576.707036
1458854.323778 3793949.546839 5601600.833515
1057257.883343 3394677.880998 5937895.995416
646086.751796 2964663.486587 6220416.651676
229064.558576 2507800.640553 6446604.251484
-190032.078758 2028226.763575 6614410.404909
-607407.756160 1530284.950947 6722315.433440
-1019282.654863 1018484.640833 6769342.132429
-1421926.772003 497460.776096 6755064.620809
-1811693.700105 -28068.170464 6679612.197935
-2185053.649512 -553342.927325 6543668.172633
-2538625.414704 -1073606.524950 6348463.675048
-2869206.995025 -1584147.375632 6095766.507337
-3173804.592492 -2080341.942369 5787865.134184
-3449659.724093 -2557696.610327 5427547.958102
-3694274.203039 -3011888.381713 5018078.067235
-3905432.762731 -3438804.025512 4563163.684322
-4081223.118551 -3834577.327544 4066924.584461
-4220053.285818 -4195624.103498 3533854.785784
-4320665.997036 -4518674.657863 2968781.850936
-4382150.087914 -4800803.394792 2376823.167918
-4403948.749002 -5039455.312755 1763339.606232
-4385864.568252 -5232469.143027 1133886.968012
-4328061.318803 -5378096.922471 494165.673823
-4231062.475835 -5475019.823367 -150030.861232
-4095746.475889 -5522360.096915 -792868.693574
-3923338.761615 -5519689.022266 -1428526.184249
-3715400.683972 -5467030.789087 -2051246.720587
-3473815.362391 -5364862.278491 -2655390.848979
-3200770.630955 -5214108.744331 -3235487.346646
-2898739.225033 -5016135.433958 -3786282.769874
-2570456.387808 -4772735.224328 -4302789.030017
-2218895.099491 -4486112.385429 -4780328.566401
-1847239.153548 -4158862.618077 -5214576.707036
-1458854.323778 -3793949.546839 -5601600.833515
-1057257.883343 -3394677.880998 -5937895.995416
-646086.751796 -2964663.486587 -6220416.651676
-229064.558576 -2507800.640553 -6446604.251484
190032.078758 -2028226.763575 -6614410.404909
607407.756160 -1530284.950947 -6722315.433440
1019282.654863 -1018484.640833 -6769342.132429
1421926.772003 -497460.776096 -6755064.620809
1811693.700105 28068.170464 -6679612.197935
2185053.649512 553342.927325 -6543668.172633
2538625.414704 1073606.524950 -6348463.675048
2869206.995025 1584147.375632 -6095766.507337
1764467.825543 2341527.890803 -6269301.510473
2115120.811946 2806860.120595 -5962217.810034
2446618.936742 3246772.990482 -5601139.341835
2755960.101578 3657282.581392 -5189336.088399
3040342.864963 4034671.254900 -4730537.403757
3297191.812555 4375521.320740 -4228898.239846
3524180.880509 4676745.987933 -3688961.518613
3719254.420676 4935617.319247 -3115616.990618
3880645.816869 5149790.935819 -2514056.952690
4006893.483612 5317327.248211 -1889729.225688
4096854.102484 5436709.021635 -1248287.818186
4149712.976190 5506855.116264 -595541.722900
4164991.406585 5527130.278202 62597.690450
4142551.029837 5497350.892444 720170.209422
4082595.069473 5417786.645718 1371220.755456
3985666.495955 5289158.084163 2009853.313990
3852643.109453 5112630.087951 2630284.329679
3684729.590356 4889801.321953 3226895.083169
3483446.589494 4622689.757979 3794282.575089
3250616.956892 4313714.399715 4327308.456449
2988349.233758 3965673.375852 4821145.562328
2699018.557206 3581718.599798 5271321.627421
2385245.150647 3165327.225461 5673759.787572
2049870.594639 2720270.157607 6024815.500484
1695932.093095 2250577.901962 6321309.551257
1326634.967895 1760504.064326 6560556.843855
945323.630991 1254486.829263 6740390.717747
555451.296898 737108.767211 6859182.569525
160548.709847 213055.334020 6915856.601782
-235807.831183 -312927.561268 6909899.565707
-630028.859977 -836076.536104 6841365.409140
-1018544.249853 -1351653.872359 6710874.788016
-1397835.545277 -1854990.421837 6519609.445607
-1764467.825543 -2341527.890803 6269301.510473
-2115120.811946 -2806860.120595 5962217.810034
-2446618.936742 -3246772.990482 5601139.341835
-2755960.101578 -3657282.581392 5189336.088399
-3040342.864963 -4034671.254900 4730537.403757
-3297191.812555 -4375521.320740 4228898.239846
-3524180.880509 -4676745.987933 3688961.518613
-3719254.420676 -4935617.319247 3115616.990618
-3880645.816869 -5149790.935819 2514056.952690
-4006893.483612 -5317327.248211 1889729.225688
-4096854.102484 -5436709.021635 1248287.818186
-4149712.976190 -5506855.116264 595541.722900
-4164991.406585 -5527130.278202 -62597.690450
-4142551.029837 -5497350.892444 -720170.209422
-4082595.069473 -5417786.645718 -1371220.755456
-3985666.495955 -5289158.084163 -2009853.313990
-3852643.109453 -5112630.087951 -2630284.329679
-3684729.590356 -4889801.321953 -3226895.083169
-3483446.589494 -4622689.757979 -3794282.575089
-3250616.956892 -4313714.399715 -4327308.456449
-2988349.233758 -3965673.375852 -4821145.562328
-2699018.557206 -3581718.599798 -5271321.627421
-2385245.150647 -3165327.225461 -5673759.787572
-2049870.594639 -2720270.157607 -6024815.500484
-1695932.093095 -2250577.901962 -6321309.551257
-1326634.967895 -1760504.064326 -6560556.843855
-945323.630991 -1254486.829263 -6740390.717747
-555451.296898 -737108.767211 -6859182.569525
-160548.709847 -213055.334020 -6915856.601782
235807.831183 312927.561268 -6909899.565707
630028.859977 836076.536104 -6841365.409140
1018544.249853 1351653.872359 -6710874.788016
1397835.545277 1854990.421837 -6519609.445607
308580.705350 2596488.841706 -6408062.471854
724780.587060 3048561.538530 -6170997.216530
1134416.743539 3473025.989980 -5878046.454810
1533779.446320 3866038.180253 -5531863.194157
1919252.004924 4224038.930095 -5135582.523788
2287343.520167 4543786.129277 -4692793.222819
2634720.498288 4822384.097650 -4207505.259727
2958237.039579 5057309.808870 -3684113.477455
3254963.328146 5246435.739318 -3127357.793031
3522212.164770 5388049.135279 -2542280.272151
3757563.302602 5480867.523911 -1934179.467444
3958885.365292 5524050.327513 -1308562.433965
4124355.149065 5517206.475929 -671094.856448
4252474.133936 5460397.948138 -27549.739990
4342082.054539 5354139.210965 616244.871180
4392367.407667 5199392.559989 1254458.673369
4402874.801377 4997559.404844 1881311.903554
4373509.079083 4750467.577837 2491127.681812
4304536.181315 4460354.780818 3078383.422023
4196580.737315 4129848.320200 3637760.845265
4050620.408301 3761941.313672 4164194.142970
3867977.033615 3359965.584056 4652915.853676
3650304.659942 2927561.485807 5099500.037889
3399574.562005 2468644.937399 5499902.360081
3118057.390397 1987371.958158 5850496.714820
2808302.608218 1488101.030712 6148108.065337
2473115.402744 975353.629894 6390041.197157
2115531.281210 453773.275567 6574105.126373
1738788.580796 -71916.519813 6698632.941539
1346299.141736 -596955.028053 6762496.899478
941617.409168 -1116587.419118 6765118.638296
528408.243531 -1626107.821607 6706474.415121
110413.731014 -2120901.939855 6587095.321120
-308580.705350 -2596488.841706 6408062.471854
-724780.587060 -3048561.538530 6170997.216530
-1134416.743539 -3473025.989980 5878046.454810
-1533779.446320 -3866038.180253 5531863.194157
-1919252.004924 -4224038.930095 5135582.523788
-2287343.520167 -4543786.129277 4692793.222819
-2634720.498288 -4822384.097650 4207505.259727
-2958237.039579 -5057309.808870 3684113.477455
-3254963.328146 -5246435.739317 3127357.793031
-3522212.164770 -5388049.135279 2542280.272151
-3757563.302602 -5480867.523911 1934179.467444
-3958885.365292 -5524050.327513 1308562.433965
-4124355.149065 -5517206.475929 671094.856448
-4252474.133936 -5460397.948138 27549.739990
-4342082.054539 -5354139.210965 -616244.871180
-4392367.407667 -5199392.559989 -1254458.673369
-4402874.801377 -4997559.404844 -1881311.903554
-4373509.079083 -4750467.577837 -2491127.681812
-4304536.181315 -4460354.780818 -3078383.422023
-4196580.737315 -4129848.320200 -3637760.845265
-4050620.408301 -3761941.313672 -4164194.142970
-3867977.033615 -3359965.584056 -4652915.853676
-3650304.659942 -2927561.485807 -5099500.037889
-3399574.562005 -2468644.937399 -5499902.360081
-3118057.390397 -1987371.958158 -5850496.714820
-2808302.608218 -1488101.030712 -6148108.065337
-2473115.402744 -975353.629894 -6390041.197157
-2115531.281210 -453773.275567 -6574105.126373
-1738788.580796 71916.519813 -6698632.941539
-1346299.141736 596955.028053 -6762496.899478
-941617.409168 1116587.419118 -6765118.638296
-528408.243531 1626107.821607 -6706474.415121
-110413.731014 2120901.939855 -6587095.321120
-1110731.463937 2844546.976421 -6210883.118684
-642429.165036 3282158.296202 -6059287.308470
-168308.928133 3690045.882198 -5852817.654086
307335.540486 4064515.841268 -5593343.976696
780196.730858 4402176.915473 -5283216.110102
1245992.338819 4699971.193837 -4925242.620288
1700504.047214 4955201.805262 -4522665.370613
2139615.727627 5165557.341806 -4079130.162989
2559350.716683 5329132.791156 -3598653.720940
2955907.829323 5444446.788713 -3085587.313530
3325695.782928 5510455.033058 -2544577.349592
3665365.720525 5526559.743309 -1980523.299140
3971841.538562 5492615.072715 -1398533.322998
4242347.744570 5408928.429470 -803878.012516
4474434.592460 5276257.692775 -201942.658268
4666000.267797 5095804.349365 401821.519964
4815309.922161 4869202.612663 1001946.740288
4921011.384201 4598504.623085 1592998.175777
4982147.405108 4286161.863545 2169623.173104
4998164.327610 3935002.958440 2726599.727001
4968917.099976 3548208.057193 3258883.771545
4894670.589628 3129280.034326 3761654.860004
4776097.184463 2682012.766888 4230359.819544
4614270.703598 2210456.776513 4660753.985471
4410656.672704 1718882.547272 5048939.641570
4167099.051974 1211741.851507 5391401.318427
3885803.536939 693627.433892 5685037.630066
3569317.583342 169231.418825 5927189.360576
3220507.336987 -356697.182177 6115663.546390
2842531.677481 -879395.478261 6248753.336093
2438813.610927 -1394129.832716 6325253.447941
2013009.270652 -1896238.731520 6344471.085075
1568974.806700 -2381174.998732 6306232.209597
1110731.463937 -2844546.976421 6210883.118684
642429.165036 -3282158.296202 6059287.308470
168308.928133 -3690045.882198 5852817.654086
-307335.540486 -4064515.841268 5593343.976696
-780196.730858 -4402176.915473 5283216.110102
-1245992.338819 -4699971.193837 4925242.620288
-1700504.047214 -4955201.805262 4522665.370613
-2139615.727627 -5165557.341806 4079130.162989
-2559350.716683 -5329132.791156 3598653.720940
-2955907.829323 -5444446.788713 3085587.313530
-3325695.782928 -5510455.033058 2544577.349592
-3665365.720525 -5526559.743309 1980523.299140
-3971841.538562 -5492615.072715 1398533.322998
-4242347.744570 -5408928.429470 803878.012516
-4474434.592460 -5276257.692775 201942.658268
-4666000.267797 -5095804.349365 -401821.519964
-4815309.922161 -4869202.612663 -1001946.740288
-4921011.384201 -4598504.623085 -1592998.175777
-4982147.405108 -4286161.863545 -2169623.173104
-4998164.327610 -3935002.958440 -2726599.727001
-4968917.099976 -3548208.057193 -3258883.771545
-4894670.589628 -3129280.034326 -3761654.860004
-4776097.184463 -2682012.766888 -4230359.819544
-4614270.703598 -2210456.776513 -4660753.985471
-4410656.672704 -1718882.547272 -5048939.641570
-4167099.051974 -1211741.851507 -5391401.318427
-3885803.536939 -693627.433892 -5685037.630066
-3569317.583342 -169231.418825 -5927189.360576
-3220507.336987 356697.182177 -6115663.546390
-2842531.677481 879395.478261 -6248753.336093
-2438813.610927 1394129.832716 -6325253.447941
-2013009.270652 1896238.731520 -6344471.085075
-1568974.806700 2381174.998732 -6306232.209597
-2416839.744315 3085042.827562 -5704527.798373
-1913956.584985 3507029.372079 -5651349.942640
-1393740.338437 3897255.715525 -5546992.586693
-860902.163558 4252187.907706 -5392400.806908
-320267.525372 4568611.627728 -5188974.610381
223267.505118 4843661.293382 -4938556.256251
764780.590508 5074846.012303 -4643413.571909
1299367.704441 5260072.139878 -4306219.415210
1822187.543231 5397662.239612 -3930027.468653
2328505.369457 5486370.274255 -3518244.584759
2813735.890479 5525392.890109 -3074599.933092
3273484.783558 5514376.692322 -2603111.228318
3703588.491527 5453421.445286 -2108048.345158
4100151.928601 5343079.169160 -1593894.649745
4459583.754885 5184349.140681 -1065306.397563
4778628.900102 4978668.843567 -527070.565678
5054398.042010 4727900.950441 15938.498869
5284393.772557 4434316.454173 558803.221902
5466533.214791 4100574.101426 1096607.336424
5599166.885719 3729696.314626 1624480.405094
5681093.634276 3325041.820444 2137641.927658
5711571.519143 2890275.232640 2631444.633904
5690324.527874 2429333.864759 3101416.570055
5617545.076511 1946392.073208 3543301.597482
5493892.267038 1445823.453635 3953097.936948
5320485.918443 932161.232974 4327094.409345
5098896.425474 410057.215839 4661904.044704
4831130.536892 -115760.342941 4954494.755120
4519613.182049 -640529.558130 5202216.793811
4167165.510350 -1159498.038452 5402826.751634
3776979.342487 -1667965.924985 5554507.873747
3352588.264820 -2161328.453811 5655886.512417
2897835.628665 -2635117.657468 5706044.566996
2416839.744315 -3085042.827562 5704527.798373
1913956.584985 -3507029.372079 5651349.942640
1393740.338437 -3897255.715525 5546992.586693
860902.163558 -4252187.907706 5392400.806908
320267.525372 -4568611.627728 5188974.610381
-223267.505118 -4843661.293382 4938556.256251
-764780.590508 -5074846.012303 4643413.571909
-1299367.704441 -5260072.139878 4306219.415210
-1822187.543231 -5397662.239612 3930027.468653
-2328505.369457 -5486370.274255 3518244.584759
-2813735.890479 -5525392.890109 3074599.933092
-3273484.783558 -5514376.692322 2603111.228318
-3703588.491527 -5453421.445286 2108048.345158
-4100151.928601 -5343079.169160 1593894.649745
-4459583.754885 -5184349.140681 1065306.397563
-4778628.900102 -4978668.843567 527070.565678
-5054398.042010 -4727900.950441 -15938.498869
-5284393.772557 -4434316.454173 -558803.221902
-5466533.214791 -4100574.101426 -1096607.336424
-5599166.885719 -3729696.314627 -1624480.405094
-5681093.634276 -3325041.820444 -2137641.927658
-5711571.519143 -2890275.232640 -2631444.633904
-5690324.527874 -2429333.864759 -3101416.570055
-5617545.076511 -1946392.073208 -3543301.597482
-5493892.267038 -1445823.453635 -3953097.936948
-5320485.918443 -932161.232974 -4327094.409345
-5098896.425474 -410057.215839 -4661904.044704
-4831130.536892 115760.342941 -4954494.755120
-4519613.182049 640529.558130 -5202216.793811
-4167165.510350 1159498.038452 -5402826.751634
-3776979.342487 1667965.924985 -5554507.873747
-3352588.264820 2161328.453811 -5655886.512417
-2897835.628665 2635117.657468 -5706044.566996
-3544362.077921 3317337.032223 -4932850.441199
-3028027.084892 3722576.942022 -4987355.399797
-2484269.809681 4094104.618579 -4996694.095584
-1918014.602375 4428555.449722 -4960781.955883
-1334389.557818 4722900.596934 -4879944.206594
-738680.074789 4974474.424980 -4754912.926892
-136280.990616 5180998.642318 -4586820.419408
467352.275311 5340602.933654 -4377188.955918
1066753.126662 5451841.897809 -4127916.991420
1656493.296508 5513708.137499 -3841261.971423
2231232.006545 5525641.382477 -3519819.888179
2785764.334017 5487533.563429 -3166501.770970
3315068.348294 5399729.790665 -2784507.323378
3814350.590257 5263025.228748 -2377295.946274
4279089.482608 5078657.895359 -1948555.408948
4705076.277971 4848297.449621 -1502168.452096
5088453.173962 4574030.071401 -1042177.625126
5425748.250043 4258339.568548 -572748.676198
5713906.909774 3904084.883143 -98132.826565
5950319.543710 3514474.200473 377371.729141
6132845.162427 3093035.895215 849458.748031
6259830.785660 2643586.577920 1313852.936956
6330126.411938 2170196.531207 1766348.670229
6343095.433186 1677152.848643 2202848.076419
6298620.399938 1168920.610169 2619398.149309
6197104.084983 650102.445637 3012226.546935
6039465.835789 125396.852687 3377775.754498
5827133.248752 -400444.353580 3712735.301766
5562029.240660 -922659.073770 4014071.743210
5246554.634463 -1436518.050510 4279056.129353
4883566.417047 -1937367.697335 4505288.720561
4476351.865920 -2420672.242285 4690720.719454
4028598.779114 -2882054.804557 4833672.825135
3544362.077921 -3317337.032223 4932850.441199
3028027.084892 -3722576.942022 4987355.399797
2484269.809681 -4094104.618579 4996694.095584
1918014.602375 -4428555.449722 4960781.955883
1334389.557818 -4722900.596934 4879944.206594
738680.074789 -4974474.424980 4754912.926892
136280.990616 -5180998.642318 4586820.419408
-467352.275311 -5340602.933654 4377188.955918
-1066753.126662 -5451841.897809 4127916.991420
-1656493.296508 -5513708.137499 3841261.971423
-2231232.006545 -5525641.382477 3519819.888179
-2785764.334017 -5487533.563429 3166501.770970
-3315068.348294 -5399729.790665 2784507.323378
-3814350.590257 -5263025.228748 2377295.946274
-4279089.482608 -5078657.895359 1948555.408948
-4705076.277971 -4848297.449621 1502168.452096
-5088453.173962 -4574030.071401 1042177.625126
-5425748.250043 -4258339.568548 572748.676198
-5713906.909774 -3904084.883143 98132.826565
-5950319.543710 -3514474.200473 -377371.729141
-6132845.162427 -3093035.895215 -849458.748031
-6259830.785660 -2643586.577920 -1313852.936956
-6330126.411938 -2170196.531207 -1766348.670229
-6343095.433186 -1677152.848643 -2202848.076419
-6298620.399938 -1168920.610169 -2619398.149309
-6197104.084983 -650102.445637 -3012226.546935
-6039465.835789 -125396.852687 -3377775.754498
-5827133.248752 400444.353580 -3712735.301766
-5562029.240660 922659.073770 -4014071.743210
-5246554.634463 1436518.050510 -4279056.129353
-4883566.417047 1937367.697335 -4505288.720561
-4476351.865920 2420672.242285 -4690720.719454
-4028598.779114 2882054.804557 -4833672.825135
-4442808.648118 3540812.031732 -3952763.902910
-3936926.810163 3928227.968616 -4119450.608759
-3395391.553366 4280069.264715 -4248830.931983
-2823107.104873 4593149.590767 -4339733.184338
-2225256.161269 4864633.642859 -4391334.140953
-1607252.953279 5092062.819374 -4403166.495571
-974694.213655 5273377.486471 -4375123.092559
-333308.492297 5406935.630448 -4307457.897316
311095.722381 5491527.728071 -4200783.696329
952682.606023 5526387.700205 -4056066.547680
1585641.848459 5511199.849543 -3874617.032277
2204241.272772 5446101.719613 -3658078.385032
2802878.746783 5331682.849161 -3408411.613464
3376132.916828 5168979.433195 -3127877.738518
3918812.304370 4959464.939046 -2819017.318409
4426002.320841 4705036.762417 -2484627.440929
4893109.774911 4407999.044274 -2127736.392590
5315904.469142 4071041.804191 -1751576.233991
5690557.509313 3697216.579113 -1359553.529779
6013675.979475 3289908.788166 -955218.498269
6282333.668726 2852807.073778 -542232.860120
6494097.571429 2389869.896762 -124336.677222
6647049.920890 1905289.687881 294685.517878
6739805.556946 1403454.880545 711038.995295
6771524.470194 888910.168480 1120953.193464
6741919.409243 366315.348278 1520715.865929
6651258.482110 -159596.880443 1906706.700023
6500362.728190 -684063.775100 2275430.102982
6290598.682797 -1202335.682280 2623546.858568
6023866.001610 -1709719.051336 2947904.367537
5702580.257094 -2201618.939906 3245565.198059
5329651.062703 -2673580.626427 3513833.687560
4908455.722971 -3121329.952780 3750280.355055
4442808.648118 -3540812.031732 3952763.902910
3936926.810163 -3928227.968616 4119450.608759
3395391.553366 -4280069.264715 4248830.931983
2823107.104873 -4593149.590767 4339733.184338
2225256.161269 -4864633.642859 4391334.140953
1607252.953279 -5092062.819374 4403166.495571
974694.213655 -5273377.486471 4375123.092559
333308.492297 -5406935.630448 4307457.897316
-311095.722381 -5491527.728071 4200783.696329
-952682.606023 -5526387.700205 4056066.547680
-1585641.848459 -5511199.849543 3874617.032277
-2204241.272772 -5446101.719613 3658078.385032
-2802878.746783 -5331682.849161 3408411.613464
-3376132.916828 -5168979.433195 3127877.738518
-3918812.304370 -4959464.939046 2819017.318409
-4426002.320841 -4705036.762417 2484627.440929
-4893109.774911 -4407999.044274 2127736.392590
-5315904.469142 -4071041.804191 1751576.233991
-5690557.509313 -3697216.579113 1359553.529779
-6013675.979475 -3289908.788166 955218.498269
-6282333.668726 -2852807.073778 542232.860120
-6494097.571429 -2389869.896762 124336.677222
-6647049.920890 -1905289.687881 -294685.517878
-6739805.556946 -1403454.880545 -711038.995295
-6771524.470194 -888910.168480 -1120953.193464
-6741919.409243 -366315.348278 -1520715.865929
-6651258.482110 159596.880443 -1906706.700023
-6500362.728190 684063.775100 -2275430.102982
-6290598.682797 1202335.682280 -2623546.858568
-6023866.001610 1709719.051336 -2947904.367537
-5702580.257094 2201618.939906 -3245565.198059
-5329651.062703 2673580.626427 -3513833.687560
-4908455.722971 3121329.952780 -3750280.355055
-5078886.933184 3754873.713449 -2829500.294394
-4608972.775572 4123435.724599 -3107231.690610
-4097319.046787 4454655.263298 -3356823.515470
-3548559.362229 4745532.754111 -3576015.426756
-2967663.374578 4993433.965440 -3762822.388578
-2359891.767853 5196113.865524 -3915552.648161
-1730748.615840 5351736.953805 -4032823.056625
-1085931.536349 5458893.883495 -4113571.594989
-431280.092705 5516614.224846 -4157066.991987
227277.090245 5524375.253507 -4162915.346568
883776.016671 5482106.684402 -4131063.695127
1532271.330633 5390191.308238 -4061800.491151
2166890.158148 5249461.524894 -3955752.992943
2781885.292839 5061191.805082 -3813881.583067
3371687.243532 4827087.148538 -3637471.070980
3930954.672429 4549267.643285 -3428119.057599
4454622.767090 4230249.265782 -3187721.467174
4937949.108156 3872921.095857 -2918455.377512
5376556.617438 3480519.152752 -2622759.304017
5766473.197413 3056597.089228 -2303311.116120
6104167.703151 2604994.009138 -1963003.786080
6386581.920916 2129799.699909 -1604919.189774
6611158.263818 1635317.594789 -1232300.196757
6775862.933720 1126025.800295 -848521.302333
6879204.339626 606536.541785 -457058.067597
6920246.605761 81554.394427 -61455.644224
6898618.047007 -444166.322155 334703.330979
6814514.534943 -965864.599743 727831.180987
6668697.723996 -1478815.857948 1114367.679113
6462488.153788 -1978374.730743 1490812.290972
6197753.290117 -2460017.135617 1853755.875867
5876890.612906 -2919381.244369 2199911.560488
5502805.904245 -3352306.984493 2526144.505353
5078886.933184 -3754873.713449 2829500.294394
4608972.775572 -4123435.724599 3107231.690610
4097319.046787 -4454655.263298 3356823.515470
3548559.362229 -4745532.754111 3576015.426756
2967663.374578 -4993433.965440 3762822.388578
2359891.767853 -5196113.865524 3915552.648161
1730748.615840 -5351736.953805 4032823.056625
1085931.536349 -5458893.883495 4113571.594989
431280.092705 -5516614.224846 4157066.991987
-227277.090245 -5524375.253507 4162915.346568
-883776.016671 -5482106.684402 4131063.695127
-1532271.330633 -5390191.308238 4061800.491151
-2166890.158148 -5249461.524894 3955752.992943
-2781885.292839 -5061191.805082 3813881.583067
-3371687.243532 -4827087.148538 3637471.070980
-3930954.672429 -4549267.643285 3428119.057599
-4454622.767090 -4230249.265782 3187721.467174
-4937949.108156 -3872921.095857 2918455.377512
-5376556.617438 -3480519.152752 2622759.304017
-5766473.197413 -3056597.089228 2303311.116120
-6104167.703151 -2604994.009138 1963003.786080
-6386581.920916 -2129799.699909 1604919.189774
-6611158.263818 -1635317.594789 1232300.196757
-6775862.933720 -1126025.800295 848521.302333
-6879204.339626 -606536.541785 457058.067597
-6920246.605761 -81554.394427 61455.644224
-6898618.047007 444166.322155 -334703.330979
-6814514.534943 965864.599743 -727831.180987
-6668697.723996 1478815.857948 -1114367.679113
-6462488.153788 1978374.730743 -1490812.290972
-6197753.290117 2460017.135617 -1853755.875867
-5876890.612906 2919381.244369 -2199911.560488
-5502805.904245 3352306.984493 -2526144.505353
-5437356.989616 3958952.990221 -1631588.547610
-5029095.674986 4307681.246348 -2013037.498830
-4575290.091149 4617398.474047 -2376256.070734
-4080049.971745 4885299.826143 -2717954.899690
-3547860.287985 5108959.146507 -3035039.508188
-2983540.632058 5286350.941697 -3324638.328912
-2392201.570154 5415868.724148 -3584128.710097
-1779198.360389 5496339.560765 -3811160.666667
-1150082.454757 5527034.695191 -4003678.162067
-510551.224320 5507676.147534 -4159937.728047
133603.637065 5438439.231801 -4278524.253779
776548.563224 5319950.968221 -4358363.801322
1412460.945343 5153284.404858 -4398733.331372
2035581.862416 4939948.899919 -4399267.251212
2640268.234925 4681876.452773 -4359960.725582
3221043.929444 4381404.207463 -4281169.720464
3772649.351346 4041253.287174 -4163607.779402
4290089.076513 3664504.151312 -4008339.561540
4768677.090666 3254568.698393 -3816771.199901
5204079.226639 2815159.367360 -3590637.567234
5592352.415263 2350255.517157 -3331986.564735
5929980.394418 1864067.389045 -3043160.575934
6213905.552840 1360997.978000 -2726775.253713
6441556.620329 845603.158510 -2385695.832542
6610871.953565 322550.425872 -2023011.180478
6720318.206670 -203423.373371 -1642005.825892
6768904.217429 -727554.939044 -1246130.212276
6756189.983404 -1245097.654524 -838969.450490
6682290.646667 -1751364.572836 -424210.851442
6547875.451056 -2241770.862372 -5610.533234
6354161.681396 -2711875.327831 413040.594833
6102903.639583 -3157420.630377 827951.163312
5796376.757353 -3574371.842756 1235363.677845
5437356.989616 -3958952.990221 1631588.547610
5029095.674986 -4307681.246348 2013037.498830
4575290.091149 -4617398.474047 2376256.070734
4080049.971745 -4885299.826143 2717954.899690
3547860.287985 -5108959.146507 3035039.508188
2983540.632058 -5286350.941697 3324638.328912
2392201.570154 -5415868.724148 3584128.710097
1779198.360389 -5496339.560765 3811160.666667
1150082.454757 -5527034.695191 4003678.162067
510551.224320 -5507676.147534 4159937.728047
-133603.637065 -5438439.231801 4278524.253779
-776548.563224 -5319950.968221 4358363.801322
-1412460.945343 -5153284.404858 4398733.331372
-2035581.862416 -4939948.899919 4399267.251212
-2640268.234925 -4681876.452773 4359960.725582
-3221043.929444 -4381404.207463 4281169.720464
-3772649.351346 -4041253.287174 4163607.779402
-4290089.076513 -3664504.151312 4008339.561540
-4768677.090666 -3254568.698393 3816771.199901
-5204079.226639 -2815159.367360 3590637.567234
-5592352.415263 -2350255.517157 3331986.564735
-5929980.394418 -1864067.389045 3043160.575934
-6213905.552840 -1360997.978000 2726775.253713
-6441556.620329 -845603.158510 2385695.832542
-6610871.953565 -322550.425872 2023011.180478
-6720318.206670 203423.373371 1642005.825892
-6768904.217429 727554.939044 1246130.212276
-6756189.983404 1245097.654524 838969.450490
-6682290.646667 1751364.572836 424210.851442
-6547875.451056 2241770.862372 5610.533234
-6354161.681396 2711875.327831 -413040.594833
-6102903.639583 3157420.630377 -827951.163312
-5796376.757353 3574371.842756 -1235363.677845
-5520458.789027 4152507.313314 -425979.778310
-5198088.822163 4480474.713552 -897474.199143
-4828644.157981 4767866.240966 -1360840.954651
-4415470.544570 5012079.233379 -1811883.723742
-3962309.746155 5210902.060116 -2246517.793254
-3473265.657100 5362534.150867 -2660807.049748
-2952767.136406 5465602.301940 -3050999.625564
-2405527.899277 5519173.112197 -3413561.876311
-1836503.828988 5522761.436084 -3745210.382104
-1250848.095633 5476334.777186 -4042941.682715
-653864.488225 5380313.582514 -4304059.477384
-50959.382759 5235567.434876 -4526199.042925
552407.218768 5043407.177801 -4707348.649034
1150771.134981 4805573.044332 -4845867.776826
1738713.489593 4524218.897213 -4940501.975630
2310909.785597 4201892.723168 -4990394.223488
2862178.124730 3841513.557943 -4995092.688475
3387526.135546 3446345.051064 -4954554.820567
3882196.185107 3019965.909722 -4869147.736972
4341708.464843 2566237.489449 -4739644.897464
4761901.560390 2089268.825080 -4567219.099813
5138970.138009 1593379.418700 -4353431.858743
5469499.406268 1083060.121563 -4100219.264614
5750496.040931 562932.464249 -3809874.449891
5979415.292961 37706.803366 -3485026.822175
6154184.034163 -487860.336166 -3128618.251888
6273219.531752 -1009009.336948 -2743876.430234
6335443.781830 -1521020.592925 -2334285.638727
6340293.271952 -2019257.250876 -1903555.195003
6287724.084384 -2499207.202474 -1455585.860661
6178212.293830 -2956523.946635 -994434.515361
6012749.656023 -3387065.952106 -524277.417098
5792834.626234 -3786934.163814 -49372.381359
5520458.789027 -4152507.313314 425979.778310
5198088.822163 -4480474.713552 897474.199143
4828644.157981 -4767866.240966 1360840.954651
4415470.544570 -5012079.233379 1811883.723742
3962309.746155 -5210902.060116 2246517.793254
3473265.657100 -5362534.150867 2660807.049748
2952767.136406 -5465602.301940 3050999.625564
2405527.899277 -5519173.112197 3413561.876311
1836503.828988 -5522761.436084 3745210.382104
1250848.095633 -5476334.777186 4042941.682715
653864.488225 -5380313.582514 4304059.477384
50959.382759 -5235567.434876 4526199.042925
-552407.218768 -5043407.177801 4707348.649034
-1150771.134981 -4805573.044332 4845867.776826
-1738713.489593 -4524218.897213 4940501.975630
-2310909.785597 -4201892.723168 4990394.223488
-2862178.124730 -3841513.557943 4995092.688475
-3387526.135546 -3446345.051064 4954554.820567
-3882196.185107 -3019965.909722 4869147.736972
-4341708.464843 -2566237.489449 4739644.897464
-4761901.560390 -2089268.825080 4567219.099813
-5138970.138009 -1593379.418700 4353431.858743
-5469499.406268 -1083060.121563 4100219.264614
-5750496.040931 -562932.464249 3809874.449891
-5979415.292961 -37706.803366 3485026.822175
-6154184.034163 487860.336166 3128618.251888
-6273219.531752 1009009.336948 2743876.430234
-6335443.781830 1521020.592925 2334285.638727
-6340293.271952 2019257.250876 1903555.195003
-6287724.084384 2499207.202474 1455585.860661
-6178212.293830 2956523.946635 994434.515361
-6012749.656023 3387065.952106 524277.417098
-5792834.626234 3786934.163814 49372.381359
-5346057.964708 4335022.114786 726284.036928
-5130694.077874 4641356.751411 184463.506970
-4868865.830962 4905658.542563 -359027.553071
-4562944.381123 5125533.930294 -899267.203995
-4215700.200379 5298991.689044 -1431362.951864
-3830277.985803 5424460.958488 -1950496.055190
-3410168.180655 5500805.469494 -2451965.164198
-2959175.364384 5527333.834347 -2931228.896982
-2481383.797775 5503805.808068 -3383946.966964
-1981120.435240 5430434.464105 -3806019.489195
-1462915.739261 5307884.264712 -4193624.109556
-931462.651808 5137265.043471 -4543250.620582
-391574.094340 4920121.954471 -4851732.750448
151860.618763 4658421.479152 -5116276.837217
693920.058586 4354533.617544 -5334487.128672
1229695.250903 4011210.425179 -5504387.478625
1754334.132604 3631561.090052 -5624439.243196
2263085.492735 3219023.775332 -5693555.215014
2751342.000197 2777334.482825 -5711109.469137
3214681.928449 2310493.219160 -5676943.031520
3648909.199351 1822727.771114 -5591365.318713
4050091.383496 1318455.418117 -5455151.335735
4414595.312900 802242.928685 -5269534.657510
4739119.983533 278765.203060 -5036196.257419
5020726.449725 -247237.063411 -4757249.284146
5256864.439709 -771000.312750 -4435219.924678
5445395.451282 -1287781.263865 -4073024.526761
5584612.118407 -1792899.868436 -3673943.188006
5673253.673390 -2281781.694162 -3241590.050817
5710517.364581 -2749999.351522 -2779880.572155
5696065.726223 -3193312.588907 -2292996.064556
5630029.634591 -3607706.692991 -1785345.829517
5513007.122757 -3989428.846595 -1261527.226179
5346057.964708 -4335022.114786 -726284.036928
5130694.077874 -4641356.751411 -184463.506970
4868865.830962 -4905658.542563 359027.553071
4562944.381123 -5125533.930294 899267.203995
4215700.200379 -5298991.689044 1431362.951864
3830277.985803 -5424460.958488 1950496.055190
3410168.180655 -5500805.469494 2451965.164198
2959175.364384 -5527333.834347 2931228.896982
2481383.797775 -5503805.808068 3383946.966964
1981120.435240 -5430434.464105 3806019.489195
1462915.739261 -5307884.264712 4193624.109556
931462.651808 -5137265.043471 4543250.620582
391574.094340 -4920121.954471 4851732.750448
-151860.618763 -4658421.479152 5116276.837217
-693920.058586 -4354533.617544 5334487.128672
-1229695.250903 -4011210.425179 5504387.478625
-1754334.132604 -3631561.090052 5624439.243196
-2263085.492735 -3219023.775332 5693555.215014
-2751342.000197 -2777334.482825 5711109.469137
-3214681.928449 -2310493.219160 5676943.031520
-3648909.199351 -1822727.771114 5591365.318713
-4050091.383496 -1318455.418117 5455151.335735
-4414595.312900 -802242.928685 5269534.657510
-4739119.983533 -278765.203060 5036196.257419
-5020726.449725 247237.063411 4757249.284146
-5256864.439709 771000.312750 4435219.924678
-5445395.451282 1287781.263865 4073024.526761
-5584612.118407 1792899.868436 3673943.188006
-5673253.673390 2281781.694162 3241590.050817
-5710517.364581 2749999.351522 2779880.572155
-5696065.726223 3193312.588907 2292996.064556
-5630029.634591 3607706.692991 1785345.829517
-5513007.122757 3989428.846595 1261527.226179
-4944762.612604 4506012.175482 1773532.627103
-4852792.073118 4789899.651892 1186385.864669
-4716873.897144 5030409.055320 588495.008129
-4538238.980732 5225362.295365 -14725.350336
-4318505.069347 5372993.845296 -617812.353748
-4059662.107316 5471966.730935 -1215304.352813
-3764054.216588 5521384.638503 -1801790.367465
-3434358.467995 5520800.031778 -2371959.089535
-3073560.637294 5470218.205048 -2920646.982784
-2684928.165508 5370097.235169 -3442885.044682
-2271980.568483 5221343.833148 -3933943.806473
-1838457.563606 5025305.132829 -4389376.163965
-1388285.202341 4783756.491039 -4805057.651205
-925540.315302 4498885.409683 -5177223.792274
-454413.591844 4173271.725388 -5502504.192968
20828.371470 3809864.246100 -5777953.063606
495881.709826 3411954.046228 -6001075.896561
966444.266628 2983144.662159 -6169852.056908
1428254.554495 2527319.458078 -6282753.081603
1877130.347945 2048606.457619 -6338756.521482
2309006.558283 1551340.959846 -6337355.200721
2719972.047671 1040026.278109 -6278561.809899
3106305.048998 519292.957346 -6162908.791068
3464506.870777 -6143.160853 -5991443.515874
3791333.581843 -531523.645637 -5765718.800403
4083825.388888 -1052090.569977 -5487778.842632
4339333.440816 -1563129.599195 -5160140.709858
4555543.817142 -2060012.684707 -4785771.543748
4730498.483216 -2538239.976344 -4368061.689443
4862613.022490 -2993480.573700 -3910793.992067
4950690.985238 -3421611.747429 -3418109.538698
4993934.723791 -3818756.275323 -2894470.156039
4991952.616155 -4181317.555038 -2344618.003427
4944762.612604 -4506012.175482 -1773532.627103
4852792.073118 -4789899.651892 -1186385.864669
4716873.897144 -5030409.055320 -588495.008129
4538238.980732 -5225362.295365 14725.350336
4318505.069347 -5372993.845296 617812.353748
4059662.107316 -5471966.730935 1215304.352813
3764054.216588 -5521384.638503 1801790.367465
3434358.467995 -5520800.031778 2371959.089535
3073560.637294 -5470218.205048 2920646.982784
2684928.165508 -5370097.235169 3442885.044682
2271980.568484 -5221343.833148 3933943.806473
1838457.563606 -5025305.132829 4389376.163965
1388285.202341 -4783756.491039 4805057.651205
925540.315302 -4498885.409683 5177223.792274
454413.591844 -4173271.725388 5502504.192968
-20828.371470 -3809864.246100 5777953.063606
-495881.709826 -3411954.046228 6001075.896561
-966444.266628 -2983144.662159 6169852.056908
-1428254.554495 -2527319.458078 6282753.081603
-1877130.347945 -2048606.457619 6338756.521482
-2309006.558283 -1551340.959846 6337355.200721
-2719972.047671 -1040026.278109 6278561.809899
-3106305.048998 -519292.957346 6162908.791068
-3464506.870777 6143.160853 5991443.515874
-3791333.581843 531523.645637 5765718.800403
-4083825.388888 1052090.569977 5487778.842632
-4339333.440816 1563129.599195 5160140.709858
-4555543.817142 2060012.684707 4785771.543748
-4730498.483216 2538239.976344 4368061.689443
-4862613.022490 2993480.573700 3910793.992067
-4950690.985238 3421611.747429 3418109.538698
-4993934.723791 3818756.275323 2894470.156039
-4991952.616155 4181317.555038 2344618.003427
-4356342.300704 4665022.914993 2675833.320982
-4398030.895726 4925708.510799 2072428.745912
-4399890.241903 5141786.127567 1450255.935194
-4361903.500710 5311298.932938 814949.382150
-4284414.685958 5432711.792697 172262.521304
-4168125.548351 5504925.173185 -471984.375612
-4014089.220328 5527285.098846 -1111956.908933
-3823700.678728 5499589.074731 -1741859.388296
-3598684.111668 5422087.920322 -2355987.319305
-3341077.304022 5295483.498076 -2948779.064317
-3053213.182932 5120922.357246 -3514866.209492
-2737698.690456 4899985.350554 -4049122.181984
-2397391.174696 4634673.317745 -4546708.676974
-2035372.513213 4327388.965675 -5003119.474110
-1654921.203065 3980915.109018 -5414221.246536
-1259482.670231 3598389.468674 -5776290.992940
-852638.067300 3183276.256078 -6086049.753632
-438071.841996 2739334.800763 -6340692.305307
-19538.370255 2270585.505297 -6537912.565584
399172.043993 1781273.435886 -6675924.477247
814267.494397 1275829.878402 -6753478.183051
1221988.812279 758832.207973 -6769871.344627
1618643.610248 234962.435560 -6724955.502966
2000639.721029 -291035.193054 -6619137.422886
2364517.728690 -814397.161892 -6453375.409304
2706982.297646 -1330383.823920 -6229170.628686
3024932.015727 -1834322.324023 -5948553.514244
3315487.481051 -2321648.917107 -5614065.378020
3576017.378331 -2787950.298083 -5228735.396374
3804162.308473 -3229003.569434 -4796053.177288
3997856.155661 -3640814.484436 -4319937.157942
4155344.798419 -4019653.619674 -3804699.118734
4275201.995212 -4362090.149273 -3255005.135135
4356342.300704 -4665022.914993 -2675833.320982
4398030.895726 -4925708.510799 -2072428.745912
4399890.241903 -5141786.127567 -1450255.935194
4361903.500710 -5311298.932938 -814949.382150
4284414.685958 -5432711.792697 -172262.521304
4168125.548351 -5504925.173185 471984.375612
4014089.220328 -5527285.098846 1111956.908933
3823700.678728 -5499589.074731 1741859.388296
3598684.111668 -5422087.920322 2355987.319305
3341077.304022 -5295483.498076 2948779.064317
3053213.182932 -5120922.357246 3514866.209492
2737698.690456 -4899985.350554 4049122.181984
2397391.174696 -4634673.317745 4546708.676974
2035372.513213 -4327388.965675 5003119.474110
1654921.203065 -3980915.109018 5414221.246536
1259482.670231 -3598389.468674 5776290.992940
852638.067300 -3183276.256078 6086049.753632
438071.841997 -2739334.800763 6340692.305307
19538.370255 -2270585.505297 6537912.565584
-399172.043993 -1781273.435886 6675924.477247
-814267.494397 -1275829.878402 6753478.183051
-1221988.812279 -758832.207973 6769871.344627
-1618643.610248 -234962.435560 6724955.502966
-2000639.721029 291035.193054 6619137.422886
-2364517.728690 814397.161892 6453375.409304
-2706982.297646 1330383.823920 6229170.628686
-3024932.015727 1834322.324023 5948553.514244
-3315487.481051 2321648.917107 5614065.378020
-3576017.378331 2787950.298083 5228735.396374
-3804162.308473 3229003.569434 4796053.177288
-3997856.155661 3640814.484436 4319937.157942
-4155344.798419 4019653.619674 3804699.118734
-4275201.995212 4362090.149273 3255005.135135
-3625824.479910 4811631.600169 3406147.264158
-3804259.053941 5048422.277635 2818028.842505
-3948241.668875 5239493.661186 2204389.915272
-4056468.395855 5383115.378786 1570787.691607
-4127959.116883 5477986.769920 922960.171365
-4162066.400918 5523248.664578 266774.180887
-4158481.367114 5518491.164034 -391827.757884
-4117236.482093 5463757.352948 -1046881.243804
-4038705.265920 5359542.909191 -1692454.011066
-3923598.909450 5206791.614902 -2322699.652721
-3772959.833672 5006886.809457 -2931910.566642
-3588152.249383 4761638.861729 -3514569.644454
-3370849.802684 4473268.775112 -4065400.235321
-3123020.418183 4144388.073765 -4579413.932114
-2846908.477164 3777975.152248 -5051955.747199
-2545014.492120 3377348.302717 -5478746.268722
-2220072.461731 2946135.663962 -5855920.415630
-1875025.111342 2488242.364414 -6180062.440443
-1512997.243189 2007815.156700 -6448236.862789
-1137267.437709 1509204.864009 -6658015.053571
-751238.362202 996926.978363 -6807497.229009
-358405.955755 475620.767623 -6895329.655374
37672.230527 -49992.738440 -6920716.908612
433409.251257 -575153.502522 -6883429.077826
825221.250691 -1095105.587421 -6783803.847386
1209559.918691 -1605140.226539 -6622743.438806
1582944.624762 -2100638.467203 -6401706.440086
1941993.939187 -2577113.000616 -6122694.596517
2283456.255772 -3030248.799620 -5788234.682559
2604239.238904 -3455942.196248 -5401355.618985
2901437.828212 -3850338.045182 -4965561.042505
3172360.547248 -4209864.636539 -4484797.576288
3414553.877917 -4531266.041834 -3963419.088732
3625824.479910 -4811631.600169 -3406147.264158
3804259.053941 -5048422.277635 -2818028.842505
3948241.668875 -5239493.661186 -2204389.915272
4056468.395855 -5383115.378786 -1570787.691607
4127959.116883 -5477986.769920 -922960.171365
4162066.400918 -5523248.664578 -266774.180887
4158481.367114 -5518491.164034 391827.757884
4117236.482093 -5463757.352948 1046881.243804
4038705.265920 -5359542.909191 1692454.011066
3923598.909450 -5206791.614902 2322699.652721
3772959.833672 -5006886.809457 2931910.566642
3588152.249383 -4761638.861729 3514569.644454
3370849.802684 -4473268.775112 4065400.235321
3123020.418183 -4144388.073765 4579413.932114
2846908.477164 -3777975.152248 5051955.747199
2545014.492120 -3377348.302717 5478746.268722
2220072.461731 -2946135.663962 5855920.415630
1875025.111342 -2488242.364414 6180062.440443
1512997.243189 -2007815.156700 6448236.862789
1137267.437709 -1509204.864009 6658015.053571
751238.362202 -996926.978363 6807497.229009
358405.955755 -475620.767623 6895329.655374
-37672.230527 49992.738440 6920716.908612
-433409.251257 575153.502522 6883429.077826
-825221.250691 1095105.587421 6783803.847386
-1209559.918691 1605140.226539 6622743.438806
-1582944.624762 2100638.467203 6401706.440086
-1941993.939187 2577113.000616 6122694.596517
-2283456.255772 3030248.799620 5788234.682559
-2604239.238904 3455942.196248 5401355.618985
-2901437.828212 3850338.045182 4965561.042505
-3172360.547248 4209864.636539 4484797.576288
-3414553.877917 4531266.041834 3963419.088732
-2799649.822589 4945448.468964 3950283.700154
-3110122.898206 5157714.715457 3409597.552793
-3392430.219242 5323271.898796 2838033.562004
-3644015.166882 5440620.707490 2240767.899798
-3862599.348881 5508698.412556 1623209.496499
-4046203.233038 5526888.491755 990951.056640
-4193164.074147 5495026.212913 349718.410560
-4302150.972072 5413400.125761 -294681.339602
-4372176.924590 5282749.448784 -936412.409920
-4402607.765831 5104257.374745 -1569663.184446
-4393167.909384 4879540.355506 -2188698.846106
-4343942.844050 4610633.463193 -2787913.312087
-4255378.359644 4299971.960262 -3361880.003395
-4128276.509852 3950369.245393 -3905400.988792
-3963788.348707 3564991.374907 -4413554.058068
-3763403.506469 3147328.390477 -4881737.298339
-3528936.699298 2701162.712768 -5305710.769680
-3262511.294910 2230534.887246 -5681634.902681
-2966540.083022 1739706.992378 -6006105.270181
-2643703.424762 1233124.041588 -6276183.418285
-2296924.978900 715373.728522 -6489423.477463
-1929345.224741 191144.880193 -6643894.312716
-1544293.021461 -334815.005771 -6738197.012241
-1145255.461439 -857742.755195 -6771477.556188
-735846.290610 -1372902.653403 -6743434.550796
-319773.181826 -1875629.332583 -6654321.957866
99195.842412 -2361370.022079 -6504946.794838
517266.533740 -2825725.778987 -6296661.826320
930652.779237 -3264491.325667 -6031353.313241
1335610.889051 -3673693.133382 -5711423.930579
1728473.499829 -4049625.407196 -5339771.008366
2105682.786931 -4388883.646223 -4919760.293016
2463822.684642 -4688395.475313 -4455195.466610
2799649.822589 -4945448.468964 -3950283.700154
3110122.898206 -5157714.715457 -3409597.552793
3392430.219242 -5323271.898796 -2838033.562004
3644015.166882 -5440620.707490 -2240767.899798
3862599.348881 -5508698.412556 -1623209.496499
4046203.233038 -5526888.491755 -990951.056640
4193164.074147 -5495026.212913 -349718.410560
4302150.972072 -5413400.125761 294681.339602
4372176.924590 -5282749.448784 936412.409920
4402607.765831 -5104257.374745 1569663.184446
4393167.909384 -4879540.355506 2188698.846106
4343942.844050 -4610633.463193 2787913.312087
4255378.359644 -4299971.960262 3361880.003395
4128276.509852 -3950369.245393 3905400.988792
3963788.348707 -3564991.374907 4413554.058068
3763403.506469 -3147328.390477 4881737.298339
3528936.699298 -2701162.712768 5305710.769680
3262511.294910 -2230534.887246 5681634.902681
2966540.083022 -1739706.992378 6006105.270181
2643703.424762 -1233124.041588 6276183.418285
2296924.978900 -715373.728522 6489423.477463
1929345.224741 -191144.880193 6643894.312716
1544293.021461 334815.005771 6738197.012241
1145255.461439 857742.755195 6771477.556188
735846.290610 1372902.653403 6743434.550796
319773.181826 1875629.332583 6654321.957866
-99195.842412 2361370.022079 6504946.794838
-517266.533740 2825725.778987 6296661.826320
-930652.779237 3264491.325667 6031353.313241
-1335610.889051 3673693.133382 5711423.930579
-1728473.499829 4049625.407196 5339771.008366
-2105682.786931 4388883.646223 4919760.293016
-2463822.684642 4688395.475313 4455195.466610
-1922237.130098 5066117.766622 4305774.749146
-2352147.407359 5253295.268191 3843245.035026
-2760756.273459 5392898.114319 3345910.298727
-3144363.303234 5483662.040012 2818274.480637
-3499494.492017 5524765.073105 2265115.932429
-3822933.716771 5515834.978165 1691444.143575
-4111751.861789 5456952.627514 1102454.374630
-4363333.345227 5348651.268839 503480.608149
-4575399.806211 5191911.696013 -100052.756685
-4746030.738033 4988153.366882 -702680.028261
-4873680.880549 4739221.548425 -1298943.720688
-4957194.214303 4447370.605739 -1883443.977635
-4995814.429612 4115243.586155 -2450887.474261
-4989191.775826 3745848.283393 -2996135.354391
-4937386.228722 3342529.998519 -3514249.768789
-4840866.947357 2908941.244374 -4000538.593086
-4700508.025291 2449008.667859 -4450597.920384
-4517580.574655 1966897.489610 -4860351.943724
-4293741.214771 1466973.783113 -5226089.867217
-4031017.069544 953764.934870 -5544499.511593
-3731787.409517 431918.643683 -5812697.309805
-3398762.104827 -93839.169626 -6028254.421060
-3034957.084205 -618747.160884 -6189218.726781
-2643667.022253 -1138051.682037 -6294132.509287
-2228435.502366 -1647049.830925 -6342045.653119
-1793022.925488 -2141132.041494 -6332524.249426
-1341372.455340 -2615823.828731 -6265654.525514
-877574.308520 -3066826.310306 -6142042.063959
-405828.712866 -3490055.137904 -5962806.318354
69592.130456 -3881677.485725 -5729570.475366
544382.736667 -4238146.761143 -5444446.754908
1014243.328516 -4556234.723199 -5110017.281544
1474918.775722 -4833060.718051 -4729310.700372
1922237.130098 -5066117.766622 -4305774.749146
2352147.407359 -5253295.268191 -3843245.035026
2760756.273459 -5392898.114319 -3345910.298727
3144363.303234 -5483662.040012 -2818274.480637
3499494.492017 -5524765.073105 -2265115.932429
3822933.716771 -5515834.978165 -1691444.143575
4111751.861789 -5456952.627514 -1102454.374630
4363333.345227 -5348651.268839 -503480.608149
4575399.806211 -5191911.696013 100052.756685
4746030.738033 -4988153.366882 702680.028261
4873680.880549 -4739221.548425 1298943.720688
4957194.214303 -4447370.605739 1883443.977635
4995814.429612 -4115243.586155 2450887.474261
4989191.775826 -3745848.283393 2996135.354391
4937386.228722 -3342529.998519 3514249.768789
4840866.947357 -2908941.244374 4000538.593086
4700508.025291 -2449008.667859 4450597.920384
4517580.574655 -1966897.489610 4860351.943724
4293741.214771 -1466973.783113 5226089.867217
4031017.069544 -953764.934870 5544499.511593
3731787.409517 -431918.643683 5812697.309805
3398762.104827 93839.169626 6028254.421060
3034957.084205 618747.160884 6189218.726781
2643667.022253 1138051.682037 6294132.509287
2228435.502366 1647049.830925 6342045.653119
1793022.925488 2141132.041494 6332524.249426
1341372.455340 2615823.828731 6265654.525514
877574.308520 3066826.310306 6142042.063959
405828.712866 3490055.137904 5962806.318354
-69592.130456 3881677.485725 5729570.475366
-544382.736667 4238146.761143 5444446.754908
-1014243.328516 4556234.723199 5110017.281544
-1474918.775722 4833060.718051 4729310.700372
-1033244.462992 5173318.691466 4479890.690209
-1562547.460119 5334909.833075 4122793.168210
-2077699.785480 5448187.205104 3728358.992849
-2574036.139845 5512124.950131 3300160.221098
-3047061.624327 5526144.038036 2842074.687342
-3492492.446891 5490117.509788 2358250.885112
-3906294.717029 5404371.627206 1853070.397682
-4284720.977306 5269682.918280 1331108.217775
-4624344.140906 5087271.144815 797091.315721
-4922088.527869 4858788.256080 255855.831279
-5175257.718920 4586303.428495 -287696.723191
-5381558.974659 4272284.326856 -828643.851585
-5539123.998969 3919574.756772 -1362086.652940
-5646525.858590 3531368.910731 -1883194.186642
-5702791.905649 3111182.440988 -2387247.222170
-5707412.586111 2662820.621280 -2869680.977179
-5660346.054379 2190343.885679 -3326126.456879
-5562018.552252 1698031.056665 -3752450.020321
-5413320.548816 1190340.595456 -4144790.815298
-5215598.676217 671870.225485 -4499595.742815
-4970643.534350 147315.294711 -4813651.634505
-4680673.474913 -378573.746184 -5084114.351581
-4348314.511667 -901034.364610 -5308534.541794
-3976576.538850 -1415335.076302 -5484879.821150
-3568826.073109 -1916818.294373 -5611553.179491
-3128755.765804 -2400942.509143 -5687407.443268
-2660350.961784 -2863323.416756 -5711755.664522
-2167853.607488 -3299773.624109 -5684377.341990
-1655723.835223 -3706340.570540 -5605520.418002
-1128599.571510 -4079342.322824 -5475899.033073
-591254.535310 -4415400.919330 -5296687.058536
-48555.006480 -4711472.961368 -5069507.465784
494584.244007 -4964877.174679 -4796417.628390
1033244.462992 -5173318.691466 -4479890.690209
1562547.460119 -5334909.833075 -4122793.168210
2077699.785480 -5448187.205104 -3728358.992849
2574036.139845 -5512124.950131 -3300160.221098
3047061.624327 -5526144.038036 -2842074.687342
3492492.446891 -5490117.509788 -2358250.885112
3906294.717029 -5404371.627206 -1853070.397682
4284720.977306 -5269682.918280 -1331108.217775
4624344.140906 -5087271.144815 -797091.315721
4922088.527869 -4858788.256080 -255855.831279
5175257.718920 -4586303.428495 287696.723191
5381558.974659 -4272284.326856 828643.851585
5539123.998969 -3919574.756772 1362086.652940
5646525.858590 -3531368.910731 1883194.186642
5702791.905649 -3111182.440988 2387247.222170
5707412.586111 -2662820.621280 2869680.977179
5660346.054379 -2190343.885679 3326126.456879
5562018.552252 -1698031.056665 3752450.020321
5413320.548816 -1190340.595456 4144790.815298
5215598.676217 -671870.225485 4499595.742815
4970643.534350 -147315.294711 4813651.634505
4680673.474913 378573.746184 5084114.351581
4348314.511667 901034.364610 5308534.541794
3976576.538850 1415335.076302 5484879.821150
3568826.073109 1916818.294373 5611553.179491
3128755.765804 2400942.509143 5687407.443268
2660350.961784 2863323.416756 5711755.664522
2167853.607488 3299773.624109 5684377.341990
1655723.835223 3706340.570540 5605520.418002
1128599.571510 4079342.322824 5475899.033073
591254.535310 4415400.919330 5296687.058536
48555.006480 4711472.961368 5069507.465784
-494584.244007 4964877.174679 4796417.628390
-165723.350693 5266766.247747 4487087.035330
-767922.496709 5402341.436196 4257375.135668
-1363167.217680 5488992.184026 3989107.787507
-1946066.885235 5525933.768645 3684714.461493
-2511342.669721 5512831.641344 3346951.790724
-3053875.346100 5449804.457016 2978878.606250
-3568751.654440 5337422.999602 2583828.235827
-4051308.795162 5176705.012983 2165378.316784
-4497176.656075 4969105.984133 1727318.396388
-4902317.388786 4716505.962007 1273615.613112
-5263061.976081 4421192.531519 808378.769619
-5576143.459115 4085840.096828 335821.122809
-5838726.523496 3713485.661512 -139777.772094
-6048433.176331 3307501.324997 -614110.817846
-6203364.281699 2871563.744304 -1082882.380936
-6302116.759517 2409620.837670 -1541847.193494
-6343796.292053 1925856.031591 -1986848.799108
-6328025.423008 1424650.375064 -2413857.194326
-6254946.975813 910542.864127 -2819005.324997
-6125222.760202 388189.336012 -3198624.106911
-5940027.578761 -137679.694842 -3549275.653593
-5701038.587730 -662301.877060 -3867784.410338
-5410420.108422 -1180926.150919 -4151265.912522
-5070804.026787 -1688855.774685 -4397152.907762
-4685265.958652 -2181490.859029 -4603218.605353
-4257297.396464 -2654370.024341 -4767596.842429
-3790774.089795 -3103210.803674 -4888798.984219
-3289920.945953 -3523948.425425 -4965727.405358
-2759273.768568 -3912772.624538 -4997685.430153
-2203638.180650 -4266162.148855 -4984383.641781
-1628046.104127 -4580916.648121 -4925942.503299
-1037710.189975 -4854185.656849 -4822891.266705
-437976.611650 -5083494.408579 -4676163.179958
165723.350693 -5266766.247747 -4487087.035330
767922.496709 -5402341.436196 -4257375.135668
1363167.217680 -5488992.184026 -3989107.787507
1946066.885235 -5525933.768645 -3684714.461493
2511342.669721 -5512831.641344 -3346951.790724
3053875.346100 -5449804.457016 -2978878.606250
3568751.654440 -5337422.999602 -2583828.235827
4051308.795162 -5176705.012983 -2165378.316784
4497176.656075 -4969105.984133 -1727318.396388
4902317.388786 -4716505.962007 -1273615.613112
5263061.976081 -4421192.531519 -808378.769619
5576143.459115 -4085840.096828 -335821.122809
5838726.523496 -3713485.661512 139777.772094
6048433.176331 -3307501.324997 614110.817846
6203364.281699 -2871563.744304 1082882.380936
6302116.759517 -2409620.837670 1541847.193494
6343796.292053 -1925856.031591 1986848.799108
6328025.423008 -1424650.375064 2413857.194326
6254946.975813 -910542.864127 2819005.324997
6125222.760202 -388189.336012 3198624.106911
5940027.578761 137679.694842 3549275.653593
5701038.587730 662301.877060 3867784.410338
5410420.108422 1180926.150919 4151265.912522
5070804.026787 1688855.774685 4397152.907762
4685265.958652 2181490.859029 4603218.605353
4257297.396464 2654370.024341 4767596.842429
3790774.089795 3103210.803674 4888798.984219
3289920.945953 3523948.425425 4965727.405358
2759273.768568 3912772.624538 4997685.430153
2203638.180650 4266162.148855 4984383.641781
1628046.104127 4580916.648121 4925942.503299
1037710.189975 4854185.656849 4822891.266705
437976.611650 5083494.408579 4676163.179958
654742.954666 5346212.003315 4346213.280423
11118.978990 5455410.809324 4258944.736647
-632605.691882 5515204.570253 4133106.529823
-1270601.387647 5525051.784542 3969838.270237
-1897090.320488 5484863.274295 3770618.540531
-2506398.909614 5395002.992885 3537251.505428
-3093009.162090 5256284.728933 3271850.572934
-3651608.644630 5069964.736521 2976819.254993
-4177138.593818 4837730.358351 2654829.400908
-4664839.729055 4561684.744915 2308797.000657
-5110295.353337 4244327.808035 1941855.777242
-5509471.351550 3888533.581275 1557328.807204
-5858752.724041 3497524.192248 1158698.426330
-6154976.324613 3074840.682532 749574.693079
-6395459.506467 2624310.939443 333662.695332
-6578024.416670 2150015.030102 -85271.003452
-6701017.719123 1656248.251711 -503432.474825
-6763325.567433 1147482.232676 -917034.783747
-6764383.692078 628324.436849 -1322332.283661
-6704182.510516 103476.437624 -1715654.537647
-6583267.213971 -422308.660243 -2093439.558463
-6402732.830092 -944269.265488 -2452266.066461
-6164214.306216 -1457678.422041 -2788884.473218
-5869871.703031 -1957886.617076 -3100246.310317
-5522370.632731 -2440363.887721 -3383531.836744
-5124858.118820 -2900740.845099 -3636175.574905
-4680934.096182 -3334848.244193 -3855889.543983
-4194618.809508 -3738754.741174 -4040683.980253
-3670316.405343 -4108802.496258 -4188885.356681
-3112775.047448 -4441640.299672 -4299151.538655
-2527043.916698 -4734253.920727 -4370483.938554
-1918427.484916 -4983993.405159 -4402236.559120
-1292437.476755 -5188597.073523 -4394121.843703
-654742.954666 -5346212.003315 -4346213.280423
-11118.978990 -5455410.809324 -4258944.736647
632605.691882 -5515204.570253 -4133106.529823
1270601.387647 -5525051.784542 -3969838.270237
1897090.320488 -5484863.274295 -3770618.540531
2506398.909614 -5395002.992885 -3537251.505428
3093009.162090 -5256284.728933 -3271850.572934
3651608.644630 -5069964.736521 -2976819.254993
4177138.593818 -4837730.358351 -2654829.400908
4664839.729055 -4561684.744915 -2308797.000657
5110295.353337 -4244327.808035 -1941855.777242
5509471.351550 -3888533.581275 -1557328.807204
5858752.724041 -3497524.192248 -1158698.426330
6154976.324613 -3074840.682532 -749574.693079
6395459.506467 -2624310.939443 -333662.695332
6578024.416670 -2150015.030102 85271.003452
6701017.719123 -1656248.251711 503432.474825
6763325.567433 -1147482.232676 917034.783747
6764383.692078 -628324.436849 1322332.283661
6704182.510516 -103476.437624 1715654.537647
6583267.213971 422308.660243 2093439.558463
6402732.830092 944269.265488 2452266.066461
6164214.306216 1457678.422041 2788884.473218
5869871.703031 1957886.617076 3100246.310317
5522370.632731 2440363.887721 3383531.836744
5124858.118820 2900740.845099 3636175.574905
4680934.096182 3334848.244193 3855889.543983
4194618.809508 3738754.741174 4040683.980253
3670316.405343 4108802.496258 4188885.356681
3112775.047448 4441640.299672 4299151.538655
2527043.916698 4734253.920727 4370483.938554
1918427.484916 4983993.405159 4402236.559120
1292437.476755 5188597.073523 4394121.843703
